0.73	125	1.0156
0.505	211	1.00036
0.3	52	0.999992
0.605	118	1.00036
0.285	43	0.990378
0.225	52	0.998181
0.38	114	1.17417
2.045	42	0.999843
1.215	56	0.999923
0.215	17	0.999855
0.53	119	0.986382
0.415	64	0.999416
0.365	76	0.999418
0.33	95	0.663842
0.215	146	0.999623
0.535	41	0.803747
0.275	204	0.994636
0.695	40	0.994152
0.895	105	1
0.44	3	1.94256
0.2	5	0.993717
0.225	55	1.00377
0.35	1	0.943331
0.35	17	0.999453
0.18	26	0.994487
0.36	20	1
0.38	23	0.882313
0.235	25	0.99903
0.315	3	1.00003
0.635	91	0.778911
0.44	2	0.769958
0.38	180	1.01824
0.325	77	0.999033
0.725	85	0.999071
0.39	76	0.599089
0.37	7	0.723095
0.135	50	1
1.035	151	1.48602
0.32	27	1.00006
0.415	3	1.00016
0.325	65	0.999999
1.065	41	0.821009
0.615	5	0.954846
0.25	23	0.994367
0.48	104	0.703579
0.11	104	1
0.245	1	0.996948
0.6	21	0.985711
0.43	6	0.986146
0.285	100	0.995254
0.82	60	1.00599
0.675	52	0.99711
0.155	19	0.999998
0.215	19	1.00221
0.555	151	0.9999
0.28	197	1.0055
0.25	17	0.991738
0.28	188	0.999883
0.23	23	0.999991
0.535	32	0.920483
0.24	24	0.999585
0.38	77	0.999014
0.305	52	0.897069
0.265	58	1.01344
0.205	54	0.99623
0.405	11	0.699325
0.19	33	0.998876
0.495	14	1.73831
0.245	8	0.992437
0.35	2	1.52885
0.64	62	1.00925
0.325	72	0.999999
0.175	2	0.997493
0.495	152	0.43004
0.36	74	0.990902
0.34	48	0.651464
0.545	153	0.999984
0.645	41	1.03738
0.285	103	0.999317
0.365	60	0.999984
0.21	23	0.99974
0.275	90	0.966202
0.48	84	0.999992
0.365	1	1.02623
0.315	18	1.01849
0.22	90	0.999682
0.25	281	0.997937
0.39	183	0.991875
0.525	2	0.991039
0.37	14	0.999132
0.405	16	0.994949
0.39	60	0.999982
0.745	23	0.848477
0.38	101	0.888641
0.405	62	0.988163
0.285	89	0.982425
0.47	60	0.768652
0.155	30	0.999945
0.5	188	1.05936
0.315	16	1.17006
0.48	16	0.99983
0.58	89	0.455379
0.59	28	0.996231
0.58	1	0.987007
0.2	12	0.99941
0.405	44	1.00184
0.54	88	0.999994
0.36	72	1.00051
0.29	55	0.99607
0.38	126	1.0038
0.535	137	0.965828
0.215	25	0.929795
0.45	31	0.99957
0.185	12	0.998657
0.205	6	0.999905
0.525	118	0.595212
0.295	24	1.00113
0.19	133	1.00292
0.885	20	0.989808
0.495	13	1.26205
0.775	79	0.998055
0.27	100	1.21279
0.155	9	0.999971
0.8	14	1.13566
0.26	153	0.909077
0.195	1	0.999941
0.405	61	0.999986
0.43	23	1.01054
0.19	85	0.999963
0.31	18	0.934027
0.205	48	0.999995
0.28	53	0.997863
0.16	4	0.999699
0.66	159	1.00047
1.005	19	1.10858
0.325	40	0.773974
0.135	45	0.999999
0.395	6	0.992954
0.305	5	0.992142
0.3	70	0.607069
0.155	74	0.998086
0.235	282	0.995583
0.315	43	0.999719
0.49	43	0.714363
0.42	151	0.596141
0.305	18	0.994245
0.175	17	1
0.4	47	0.999987
0.425	42	0.993964
0.26	91	0.999001
0.41	43	0.999976
0.27	212	1.06619
0.205	68	0.9958
0.325	163	1.19871
0.23	46	0.998874
0.23	32	0.999892
0.57	84	0.735638
0.16	15	0.999979
0.3	24	0.993072
0.37	15	0.312604
0.15	184	0.999994
0.22	4	0.973789
0.29	45	0.998708
0.185	23	0.997689
0.27	100	0.999575
0.315	44	0.990188
0.595	12	0.149072
0.235	123	0.999984
0.58	62	1.24776
0.595	81	1.60926
0.39	76	1.00006
0.24	57	0.858554
0.78	206	1.00037
0.745	6	0.965076
0.75	109	0.969487
0.38	36	0.880759
0.285	141	0.999827
0.305	22	0.999011
0.15	27	0.997312
0.24	5	1.00084
0.48	25	0.629793
0.49	29	0.917993
0.15	104	1
0.215	148	1.05339
1.195	80	0.999181
0.18	116	1.00204
0.55	19	0.99941
0.275	12	0.999682
0.34	7	0.999401
1.105	25	1
0.62	27	1
1.02	10	0.994039
0.165	26	0.999995
0.655	54	1.19192
0.315	44	0.599811
0.32	7	1.06268
0.6	7	1.01658
0.445	342	1.22992
0.425	18	0.924216
0.52	5	0.889266
0.46	11	0.996784
0.13	33	0.999868
0.215	125	0.999927
0.385	51	0.998122
0.32	13	0.99894
0.285	11	0.999927
0.155	31	0.9996
0.895	15	1
0.13	21	0.999916
0.735	70	0.964408
0.235	14	1.02582
0.42	84	0.999994
0.085	97	1
0.66	267	0.994429
0.56	39	0.999999
0.54	67	0.599694
0.33	110	0.999587
0.165	5	0.999962
0.2	64	0.999573
0.505	53	1.01882
0.44	7	0.992433
0.53	88	0.932016
0.22	42	0.999972
0.11	192	0.999999
0.37	10	1.51951
0.315	39	1.00088
0.285	55	0.99932
0.11	58	0.999969
0.86	46	1.23374
0.385	3	1.00169
0.27	84	0.999743
0.43	45	0.892638
0.345	54	0.9999
0.175	345	0.999969
0.24	30	0.993233
0.23	43	0.999973
0.29	182	0.993245
0.155	10	0.999466
0.335	48	0.99994
0.415	119	0.894777
0.505	146	0.99989
0.165	69	0.999997
0.29	110	1.04011
0.265	45	0.843719
0.26	51	0.999998
0.23	67	0.997404
0.34	177	0.998726
0.315	40	1
0.34	80	0.898563
0.33	56	0.985372
0.36	31	0.999977
0.855	141	1.00807
0.44	67	1.00391
0.36	59	1.01211
0.345	148	0.999663
0.31	17	1.01282
0.69	207	0.997584
0.325	90	1.00094
0.54	12	0.99779
0.175	21	1.00388
0.295	122	1.00698
0.245	31	0.942819
0.33	63	0.992891
0.38	51	0.694416
0.245	16	1.01871
0.48	7	0.877089
0.295	26	0.996235
0.395	4	0.939383
0.205	16	0.999155
0.35	209	0.996834
0.775	77	1.00137
0.36	122	1.00153
0.275	129	0.999258
0.435	15	0.989466
0.405	60	1.00021
0.415	106	0.94765
0.465	98	0.997685
0.535	80	0.987249
0.26	88	0.99484
0.535	68	0.895789
0.32	133	0.999945
0.45	11	0.965735
0.37	26	0.999922
0.615	10	0.987166
0.39	59	0.999881
0.5	160	0.999982
0.335	1	0.969643
0.165	10	0.999912
0.215	49	0.99394
0.335	50	1.00016
0.365	62	0.978581
0.74	26	1.22198
0.78	2	0.861935
0.235	9	0.9975
0.92	52	0.926709
0.77	225	0.999816
0.29	46	0.992856
0.195	95	1.00046
0.815	49	1.14087
0.175	18	1.00476
0.685	121	0.992369
0.33	52	1.11131
0.425	142	1.15621
0.985	18	0.232956
0.1	19	0.999799
0.36	96	0.514793
0.515	123	0.995899
0.985	22	0.452985
0.19	7	1.00598
0.73	18	0.99472
0.225	66	0.998286
1.025	75	1.80954
0.425	6	0.999774
0.19	222	0.999729
0.215	121	0.999778
0.375	30	0.973919
0.38	240	0.998737
0.225	3	0.999861
0.545	11	0.996351
0.145	72	0.999999
0.105	9	0.999997
0.465	208	0.999965
0.725	120	1.31095
0.15	12	0.999983
0.515	49	0.87498
0.225	24	0.99999
0.335	34	0.983532
0.64	208	0.999612
0.22	79	0.999863
1.245	85	0.253007
0.815	2	1.00562
0.5	72	0.949136
0.275	16	0.982871
0.19	20	1.00003
0.4	177	0.567939
0.295	139	0.984518
0.845	23	1.1214
0.215	16	1
0.345	156	0.979288
0.235	10	0.929977
1.255	6	0.331268
0.305	106	0.765704
1.04	128	7.74099
0.215	2	1
0.23	59	0.999998
0.165	40	0.993975
0.16	16	0.999922
0.315	14	1.01582
0.305	1	0.999059
0.78	135	1.03181
0.34	61	1.00191
0.405	23	0.776542
0.37	94	0.99707
0.355	37	1.00137
0.285	11	0.999677
0.17	3	1.01659
0.26	69	0.999762
0.24	123	1.00112
0.2	195	0.999199
0.24	35	0.973815
0.235	26	0.993802
0.22	21	0.999971
0.35	103	1.00014
0.195	43	0.999129
0.47	53	0.821457
0.29	11	0.999459
0.41	140	0.455698
0.48	19	0.99991
0.645	31	1.59772
0.125	40	0.999984
0.425	15	0.999982
0.315	100	0.999505
0.555	38	0.736917
1.35	22	0.716381
0.315	10	1
0.135	11	1.00085
0.21	103	0.999549
0.21	14	1.00033
0.235	23	0.977575
0.355	32	1.00466
0.2	35	0.542647
0.175	3	1.00812
0.335	86	0.999959
0.24	28	0.999997
0.625	12	0.999997
0.645	7	0.419498
0.24	98	1.00002
0.125	47	1.00003
0.495	53	0.43207
0.445	47	1.4625
0.355	105	1.0136
0.22	26	0.999752
0.94	89	1.03858
0.54	38	0.738197
0.175	28	1.00346
0.25	6	0.999977
0.18	234	1.00019
0.35	40	0.942148
0.435	7	0.981444
0.225	19	0.846959
0.7	43	0.992522
0.29	61	0.951283
0.52	35	0.99985
0.295	2	1.00453
0.95	10	1.01854
0.235	35	1
0.27	71	0.689389
0.3	4	0.981975
0.21	74	0.999977
0.16	15	0.999792
0.095	158	0.999952
0.65	29	1.02849
0.275	53	0.953692
0.26	316	1.00646
1.14	32	0.727864
0.905	17	0.998506
0.19	44	1.00025
0.68	73	0.300129
0.28	46	0.907905
0.62	104	1.52255
0.265	35	1
0.275	183	0.999864
0.54	23	0.957786
0.29	88	1.02618
0.215	205	0.9751
0.795	12	1.19018
0.31	22	0.999727
0.225	74	1.27626
0.265	41	1.01235
0.22	69	0.999975
0.16	5	0.999987
0.345	32	0.824007
0.34	48	1.04338
0.555	24	0.999999
0.385	15	0.917262
0.44	36	1.01955
0.305	24	0.999998
0.29	25	0.956321
0.3	52	0.999999
0.44	36	0.99981
0.22	52	0.997472
0.605	1	0.995764
0.235	18	0.997838
0.16	22	0.999966
0.295	136	0.999818
0.28	31	1.01743
0.895	11	0.362304
0.345	2	1.15162
0.185	87	0.99998
0.71	16	0.944965
0.185	38	0.999148
0.8	9	1.00119
0.215	60	1.00012
0.355	2	0.997218
0.215	84	0.985935
0.295	4	0.994429
0.115	35	0.999994
0.21	77	0.999977
0.355	152	0.971639
1.795	1	0.985664
0.31	18	0.999993
0.25	76	0.988669
0.34	40	0.999956
0.21	15	0.999834
0.24	92	1.24113
0.675	44	0.999611
0.21	105	1.00293
0.3	19	1.13032
0.205	25	1.00004
0.67	30	0.601808
0.275	85	0.850356
0.2	20	0.999217
0.12	113	1
0.525	11	0.957592
0.16	137	1.00055
0.305	67	0.999159
0.195	60	0.999998
0.235	9	0.999998
0.535	24	0.999844
0.465	33	0.998834
0.2	15	0.989568
0.2	10	0.999536
0.505	29	0.994746
0.31	52	0.997511
1.03	27	0.705933
0.29	61	0.998522
0.875	56	1.71673
0.28	39	0.99607
0.085	235	0.999994
0.215	25	0.997318
0.425	122	0.884927
0.405	245	0.99078
0.52	13	1.02344
0.365	4	1
0.275	2	1.01219
0.35	1	1.0031
0.435	108	0.511884
0.15	158	1
0.255	13	1.07634
0.26	34	1
0.31	87	0.999986
0.27	226	1.08581
0.485	21	1.00009
2.395	77	1.65324
0.385	83	0.659887
0.25	21	0.999976
0.275	47	1.00318
0.48	26	0.999991
0.625	83	1.00012
0.27	12	0.993502
0.195	96	0.988733
0.22	33	1.00692
0.35	177	0.999255
0.235	18	0.990595
0.325	38	0.999989
0.18	88	1
0.4	163	0.982672
0.135	19	0.999999
0.42	31	0.857663
0.095	11	0.999986
0.535	245	0.0637762
0.665	17	0.998178
0.23	86	0.994257
0.2	262	0.999916
0.135	27	0.999997
0.39	42	0.711906
0.74	3	1
0.34	129	1
0.595	14	1.0006
0.185	16	1.00003
0.285	42	0.696264
0.69	117	3.12736
0.425	113	0.987658
0.38	62	0.999908
0.135	89	0.999971
0.785	48	1.02907
0.43	28	0.921667
0.605	1	0.924846
0.155	43	0.999929
0.195	4	0.731821
0.635	50	1.01889
0.535	18	0.999687
0.695	104	0.999357
0.815	15	0.175839
0.27	65	1.00021
0.62	5	0.312515
0.09	83	1
0.3	6	1.0002
0.94	15	1.19233
0.56	143	0.625652
0.575	93	0.999397
0.365	26	0.999994
0.51	23	1.02358
0.455	33	0.992767
0.55	66	0.947289
0.135	21	0.999997
0.18	42	1.00246
0.275	9	1.01487
0.3	18	0.994864
0.175	300	0.99994
0.2	137	0.986852
0.235	183	1.01316
0.22	13	1.00607
0.66	90	0.871098
0.21	121	0.998208
0.285	7	1.25661
0.59	81	0.999734
0.235	243	0.998855
0.92	66	0.999917
0.825	94	0.999962
1.215	1	0.73022
0.235	6	0.999533
0.835	27	0.733644
0.19	18	0.998882
0.17	197	0.999784
0.215	34	0.999896
0.345	144	0.45578
0.375	116	0.951748
0.285	17	0.962463
0.225	48	0.993122
0.305	13	0.997824
0.335	122	0.997716
0.465	41	0.972414
0.48	68	0.999696
0.355	8	1.00865
0.17	13	1.00115
0.8	36	0.998187
0.68	68	1.0117
0.37	91	0.915208
0.195	29	0.999998
0.23	1	1.00091
0.42	45	0.999917
0.925	29	1
0.305	30	1.02536
0.35	3	0.999452
0.86	39	0.986455
0.46	2	0.980421
0.305	39	1.00142
0.22	61	1.00023
0.095	10	0.999986
0.295	40	1.01135
0.26	32	0.996596
0.4	33	1.01384
0.405	131	0.999864
0.185	204	0.999944
0.53	3	0.969906
0.76	22	1.16748
0.29	50	0.999999
0.3	20	1.3749
0.18	20	0.999999
0.34	7	0.659338
0.27	48	1.00013
0.14	80	0.999712
0.45	89	0.994336
0.175	144	0.999342
0.32	144	0.999957
0.415	21	1.18012
0.51	48	0.996756
0.19	14	0.999995
0.355	270	0.611796
0.23	1	0.999999
0.16	67	0.999947
0.395	32	0.987088
0.405	11	0.996858
0.155	144	1.0001
0.415	47	0.907303
0.53	114	1.01172
0.555	57	1.75063
0.39	12	0.49801
0.465	18	0.991679
0.315	16	1.00887
0.295	38	0.998202
0.25	89	0.999954
0.28	31	0.976239
0.43	96	0.994263
0.23	123	0.999475
0.225	66	0.999997
0.365	46	0.999954
0.25	15	1
0.305	232	0.821401
0.285	96	0.999993
0.33	12	1.1821
0.24	55	0.842247
0.11	101	0.999997
0.625	87	0.992234
0.265	152	0.999992
0.31	28	0.999833
0.275	111	0.995094
0.175	30	0.998883
0.38	21	0.985517
0.815	64	0.969911
0.285	44	0.995362
0.345	212	1.02526
0.625	28	1.00242
1.185	118	1.00019
0.55	58	0.999798
0.565	42	0.999953
0.225	8	0.999605
0.2	7	0.994292
0.595	74	0.741635
0.245	60	0.983876
0.39	112	0.997549
0.795	30	0.810813
0.22	21	0.999956
0.415	234	0.587689
0.23	45	0.999989
0.35	37	0.788873
0.165	25	1.0007
0.105	26	1.00002
0.205	82	0.999703
0.245	3	0.997634
0.455	59	1.00105
0.145	18	0.999594
0.73	24	0.638421
0.305	32	0.999941
0.15	25	1
0.295	139	0.990004
0.555	279	0.999989
0.235	52	0.999997
0.245	23	1.00009
0.24	127	0.999998
0.15	58	0.999994
1.38	44	0.979435
0.245	55	0.997271
0.415	47	0.999992
0.56	78	0.376835
1.19	30	0.999978
0.225	8	1.00973
0.32	7	0.998671
0.36	97	1.00296
0.25	60	0.99997
0.235	155	0.999495
0.86	25	0.994718
0.86	5	0.977508
0.46	4	1.00087
0.43	117	0.65097
0.49	82	0.999752
0.12	23	0.999993
0.33	262	0.996624
0.34	2	0.996483
0.17	128	0.999848
0.41	19	0.721555
0.185	19	0.998284
0.385	7	0.973411
0.925	148	0.992746
0.275	64	1.05709
0.175	1	1
0.745	64	0.995874
0.415	8	0.959094
0.465	7	0.999637
0.38	147	0.57156
0.22	60	1.00096
0.515	159	4.09984
0.395	33	1.01553
0.22	108	0.978693
0.445	29	0.831666
0.34	455	0.994673
0.2	2	1
0.565	59	1.25874
0.285	30	0.981746
0.205	80	0.999898
0.505	100	0.943928
0.715	22	0.863006
0.185	43	0.999999
1.275	21	0.997274
0.15	60	0.999996
0.53	60	0.997654
0.395	6	1.04794
0.195	17	1.00016
0.27	25	1.00632
0.715	270	2.32617
0.52	81	0.998034
1.365	179	0.788946
0.285	129	1.00036
0.405	221	0.996916
0.27	124	1.00008
0.155	24	0.991749
0.74	6	0.939851
0.53	82	0.998643
0.17	5	0.999989
0.705	47	0.980907
0.45	12	0.964325
0.36	88	0.999922
0.43	19	1.01612
0.27	49	1.51088
0.73	118	0.220752
0.3	10	1.02393
0.135	71	1.00014
0.31	161	0.999949
0.2	19	1.00005
0.355	14	0.999985
0.205	13	0.682232
0.17	8	1
1.015	119	1.0846
0.48	168	1.01659
0.32	46	0.908394
0.395	2	1.15403
0.295	32	0.999983
0.235	5	0.865159
0.16	22	0.999973
0.22	19	1
0.32	50	0.944842
0.175	29	1.01461
0.76	22	1.00497
0.57	9	0.78951
0.515	100	1.16189
0.305	87	0.776684
0.14	4	0.999903
0.22	245	0.998458
0.4	140	0.920582
0.205	25	0.995108
0.755	50	1.42775
0.155	28	0.999965
0.83	178	1
0.32	23	0.993812
0.555	31	1.02196
0.65	5	0.7894
0.525	123	0.950399
0.205	79	0.999995
0.235	9	0.996818
0.375	63	1.00341
0.375	1	0.350176
0.26	35	0.991322
0.285	41	1.00326
0.665	55	0.529557
0.325	78	0.998801
0.665	79	0.971688
0.455	59	0.483746
0.25	109	0.999185
0.445	15	0.775206
0.555	137	0.229403
0.29	91	0.99953
0.345	11	0.95149
0.555	87	0.63062
0.11	52	0.999999
0.24	99	0.999996
0.565	9	0.963038
0.255	195	0.980203
0.125	66	0.999995
0.19	67	1.00311
0.34	4	0.981632
0.25	47	0.996482
0.17	97	1
0.575	19	0.949111
0.285	59	1.00166
0.13	95	0.999999
1.22	34	0.998214
0.175	57	0.999999
0.67	115	0.882574
0.25	2	0.999996
0.17	38	0.999679
0.935	33	1.01871
0.46	76	0.998987
0.34	68	0.99994
0.315	40	0.999997
0.32	91	1.32249
0.955	12	0.924565
0.175	37	1
0.31	86	0.700784
0.565	163	0.989287
0.545	22	1.04251
0.575	59	1.06794
0.35	112	1.00221
0.285	21	0.967999
0.215	130	0.999833
0.465	201	0.999861
1.76	118	1.20048
0.24	98	0.994242
0.5	5	0.968265
0.145	106	0.99995
0.355	16	0.996212
0.34	138	0.999971
0.375	278	0.998983
0.79	15	0.479971
0.335	49	0.999941
0.545	4	1.1576
0.555	81	1.03837
0.635	55	1.32072
0.65	35	1.00058
0.23	14	1.01089
0.325	4	1.00031
0.2	86	0.999988
0.48	96	1.03814
0.215	3	0.995386
0.205	37	1.00049
0.16	6	0.998233
0.365	8	1.02126
0.545	60	0.935808
0.61	7	0.960049
0.195	13	0.999828
0.42	123	1.02439
0.405	42	0.996876
0.22	6	0.999834
0.37	9	0.878332
0.42	37	0.997196
0.55	82	1.08946
0.57	275	0.994453
0.605	27	0.999998
0.53	9	0.999999
0.37	180	0.996629
0.26	21	0.99995
0.985	31	1.03783
0.4	55	1.1931
0.285	36	1.00038
0.255	62	0.99781
0.275	124	0.634166
0.595	69	1.30063
0.7	51	1.47128
0.45	73	0.916588
0.215	38	1.01963
0.16	11	0.613756
0.465	25	2.54646
0.295	78	1.0035
0.255	22	1
0.36	20	0.801604
0.28	74	1.01118
0.345	117	1.00331
0.275	18	0.99984
0.36	48	0.835402
0.16	38	0.99997
0.22	104	0.99926
0.265	17	1
0.165	28	1.00523
0.29	78	0.999821
0.525	114	0.999998
0.29	177	0.999978
0.17	141	1.0004
0.32	72	0.997475
0.83	5	0.564305
0.14	71	0.999962
0.25	44	0.981253
0.22	30	1.00124
0.46	121	0.998438
0.275	22	0.996859
0.31	66	0.996713
0.47	13	0.999212
0.23	26	0.998831
0.38	119	0.996023
0.18	82	1
0.715	7	0.997519
0.615	44	1.08636
0.295	7	1.00384
0.475	73	1.01442
0.245	78	0.998381
0.465	8	0.998339
0.905	1	0.936693
0.205	123	0.990837
0.365	26	1.00314
0.505	143	1.00018
0.325	31	1
0.45	28	0.884219
0.545	319	0.174856
0.35	118	0.371174
0.225	44	0.999234
0.26	19	1.00008
0.365	71	0.678353
0.21	43	0.999909
0.285	8	1.00935
0.53	3	1.21594
0.285	37	0.955398
0.2	88	1.03992
0.395	64	1.21816
0.695	13	0.231197
0.32	61	1.00512
0.175	7	0.999894
0.385	100	0.873898
0.24	123	0.999984
0.2	25	0.99995
0.29	51	0.99863
0.545	26	1.01509
0.555	48	1.26274
0.525	59	0.755671
0.39	9	0.997064
0.135	5	0.999948
0.315	209	0.980061
0.235	22	0.985252
0.225	43	0.995282
0.2	22	0.999771
0.225	31	0.999214
0.375	19	0.743246
0.5	77	0.850869
0.525	41	1.00005
0.405	4	1
0.31	32	0.728409
0.49	15	0.974937
0.28	14	0.997369
0.25	9	0.985139
0.245	60	1.00054
0.595	7	1.83504
0.115	207	1
0.41	17	0.921605
0.215	96	1.28109
0.265	17	0.999412
0.385	5	0.911586
0.23	80	0.999928
0.545	71	0.999483
0.325	179	0.999524
0.19	5	1.00071
0.33	150	0.48178
0.185	39	0.999999
0.22	118	0.999701
0.21	122	0.991731
0.39	144	0.653651
0.79	16	0.999946
0.295	32	0.996751
0.37	48	0.999984
0.16	83	0.999853
0.195	7	0.999993
0.85	145	1.9115
0.65	11	1.00697
0.23	2	0.962108
0.23	4	0.982344
0.375	32	0.990613
0.14	24	1
0.235	35	0.999983
0.22	55	0.999999
0.27	13	0.53549
0.265	99	0.962653
0.28	113	0.935012
0.145	55	1
0.5	55	0.998515
0.605	112	0.367027
0.915	26	1.20057
0.515	43	1.05553
0.265	98	0.845188
0.57	67	0.998706
0.1	72	0.99999
0.235	19	1.01108
0.27	25	0.924356
0.4	128	1.0705
0.37	110	0.999125
0.245	102	1.28381
0.32	10	0.994562
0.395	4	1
0.255	215	0.998729
0.72	132	0.999001
0.275	72	0.999516
0.62	120	1.01742
0.25	2	0.999029
0.295	100	1.01011
0.185	85	0.999952
0.475	1	1.93384
1.155	11	0.995176
0.325	10	0.987416
0.3	58	1.19189
0.32	35	1.00139
0.4	26	2.61348
0.315	61	0.996458
1.005	14	1.03382
0.65	28	1.00002
0.545	1	0.998132
0.71	91	1.16339
0.42	67	0.999709
0.345	66	1.00019
0.255	89	0.243125
0.33	70	0.984321
0.24	51	0.999713
0.145	53	1.00048
0.545	12	0.99123
0.41	3	1.0011
0.175	3	0.999998
0.285	101	0.999193
0.27	82	1.002
0.705	5	0.99978
0.285	37	1.00031
0.28	50	0.999313
0.36	32	0.778087
0.305	7	0.99997
0.27	80	0.988916
0.375	85	0.521534
0.475	54	1.00031
0.1	63	0.999996
0.27	110	1.00401
0.27	174	0.999459
0.2	132	0.999938
0.715	84	0.999502
0.2	2	0.941727
0.285	16	0.884003
0.29	23	0.987432
0.545	7	1.09503
0.52	47	0.348232
0.5	8	1.11975
0.155	308	1.00057
0.31	135	0.995773
0.52	13	0.999989
0.405	36	1.00698
0.265	51	0.992217
0.33	154	0.862134
0.235	86	0.995921
0.135	56	0.99995
0.465	18	0.994227
0.275	16	0.999996
0.275	105	0.999996
0.27	99	1.00768
0.645	46	1
0.545	222	1
0.16	90	0.999905
0.815	79	0.999779
0.88	9	0.967492
0.46	68	0.940466
0.135	7	1.00012
0.265	101	0.999999
0.185	30	0.999904
0.62	35	1.18232
0.945	35	0.986839
0.57	147	0.531879
0.38	3	1.00012
0.37	118	0.998297
0.41	97	1.00084
0.455	48	1.26678
0.485	36	0.768076
0.13	33	1.00005
0.325	189	0.998263
0.525	10	1.09776
0.28	18	1.00719
0.325	33	1.00931
0.215	110	0.999164
0.2	40	0.999998
0.295	52	0.973201
0.315	294	0.993992
0.37	28	0.957724
0.775	43	0.378175
0.29	14	0.997715
0.165	149	0.999985
0.685	121	0.985938
0.435	20	0.962217
0.415	15	1.01831
0.48	19	1.00151
0.15	8	1.00003
0.37	168	0.321043
0.37	21	0.767892
0.205	10	0.995327
0.255	107	0.99991
0.295	65	0.999998
0.31	17	1.02236
0.29	25	1.01218
0.24	2	0.996334
0.83	42	1.00921
0.28	3	1.13224
0.305	45	0.99728
0.425	75	1.12365
0.44	29	1.00126
0.235	93	1.00112
0.24	153	0.999249
0.41	12	0.991594
0.44	12	1.19473
0.46	44	0.990946
0.145	86	1
0.3	27	0.997036
0.735	72	0.999137
0.55	32	0.999989
0.4	31	0.999982
0.25	63	0.999985
0.295	24	1.00105
0.275	23	0.991467
0.385	20	0.947426
0.32	83	1.00236
0.23	50	1.00029
0.28	99	0.9639
0.625	12	0.998205
0.215	80	0.998906
0.28	119	1.00159
0.23	15	0.991111
0.725	41	0.993642
0.4	16	0.92253
0.26	128	0.866234
0.345	207	0.998507
0.255	85	0.942975
1.175	15	0.988238
0.47	47	1.00164
0.335	26	0.971226
0.445	106	1.00616
0.485	38	1.16208
0.185	1	1.00758
0.35	7	0.964182
0.35	148	0.946498
0.295	10	0.999913
0.575	250	0.996011
0.195	62	0.999976
0.31	23	0.999998
0.455	2	0.999919
0.425	67	0.860718
0.365	29	0.999936
0.385	74	0.998041
0.37	128	0.921763
0.325	196	0.765008
0.37	24	0.684181
0.3	3	1.00104
0.155	3	0.998986
0.16	7	0.999505
0.555	40	0.593076
0.39	9	0.989649
0.405	22	1.06743
0.3	104	1.00061
0.285	45	1.44153
0.465	61	0.644299
0.57	55	0.991422
0.23	98	0.997564
0.43	1	1.00844
0.2	118	1.00034
0.295	74	0.866068
0.775	17	1.32218
0.25	39	0.998992
0.335	104	0.999882
0.32	68	0.74454
0.69	40	0.998791
0.315	131	1.00023
0.34	11	0.877958
1.25	213	1.24823
0.325	70	1.00054
0.295	60	1.00354
0.515	26	0.735351
0.29	10	0.997042
0.415	9	0.953489
0.28	12	0.995169
0.34	86	1.12014
0.135	71	0.999994
0.575	206	0.922745
0.345	44	0.954464
0.285	31	1.00159
0.17	131	0.999988
0.295	1	0.999999
0.52	51	0.995435
0.14	103	0.999778
0.585	90	0.918982
0.305	18	0.998859
0.375	4	0.99354
0.16	127	1
0.465	152	0.996014
0.355	78	0.999965
0.335	88	0.970272
0.82	65	0.151211
0.135	22	0.999996
0.125	38	0.999973
0.23	84	1.00012
0.46	78	0.802859
0.545	59	0.815977
0.195	5	0.999993
0.205	21	0.999999
0.125	29	0.99997
0.37	19	0.903969
0.38	4	0.994757
0.385	36	1.14519
0.545	19	0.991356
0.36	13	1
0.275	5	0.999991
0.41	18	0.511183
0.535	234	0.999401
0.2	198	0.999985
0.23	36	1
0.355	23	1.18479
0.225	5	1.12491
0.285	22	0.994137
0.295	152	0.997846
0.58	21	3.31563
1.07	4	0.696202
0.155	5	0.998654
0.225	11	1.01669
0.25	112	1.00186
0.445	37	0.98379
0.485	11	0.98148
0.215	43	0.999974
0.665	9	1.59132
0.28	15	1.04057
0.195	120	0.998922
0.485	202	1.01356
0.34	4	0.986714
0.24	5	1.01332
0.51	4	1
0.335	83	1.00373
0.35	19	0.97543
0.15	15	0.998803
0.395	81	0.9888
0.295	8	1.00112
0.86	22	1.33613
0.34	5	0.97376
0.275	41	1.34019
0.625	153	0.993008
0.46	282	9.99782
0.16	40	0.999681
0.19	5	0.712164
0.9	20	0.717624
0.36	56	0.996149
0.25	57	1.05086
0.64	393	1.01662
0.595	36	0.799037
0.69	20	0.995083
0.305	123	1.15696
0.245	10	0.999976
0.82	37	0.344509
