0.425	2	1.40233
0.48	64	1.23298
0.38	89	1.03352
0.215	105	0.999262
0.245	26	0.998765
0.21	12	0.999815
0.545	117	0.894348
0.175	41	0.999587
0.285	143	1
0.24	19	0.537307
0.31	35	0.988824
0.415	22	0.997362
0.59	240	1.99119
0.43	21	0.999803
0.29	26	1.00229
0.185	9	0.990291
0.715	1	0.998564
0.875	41	0.992329
0.175	104	0.99985
0.15	10	0.999908
0.24	143	0.999741
1.595	33	0.993737
0.635	30	0.999882
0.175	7	1.00011
0.275	72	0.999967
0.155	4	0.999764
0.265	136	1.02166
0.34	22	0.99458
0.1	24	0.999997
0.685	18	0.999882
0.125	7	1
0.195	24	1
0.405	87	0.987906
0.24	50	1.04247
0.6	23	1.00295
0.27	2	0.99994
0.69	5	0.938951
0.325	15	0.702529
0.165	17	0.999997
0.835	205	0.999923
0.175	74	0.99871
0.63	48	0.995988
0.55	64	0.719627
0.775	86	0.999981
0.325	232	0.981046
0.825	72	0.00722818
0.32	13	0.999702
0.555	5	0.830944
0.255	59	1.11809
0.3	68	0.923599
0.655	151	1.72893
0.355	99	0.850824
0.215	37	1.00642
0.255	82	0.935749
0.28	69	0.751213
0.19	1	0.999565
0.375	113	1.03141
0.235	23	1.00088
0.78	62	0.984435
0.28	145	1.14654
0.18	97	0.999757
0.185	31	0.999934
0.54	30	0.350111
0.385	42	1.03136
0.19	124	1.00032
0.425	43	1
0.335	87	0.994562
0.13	12	0.999994
0.255	56	0.999985
0.23	23	0.999762
0.265	18	1.00037
0.195	16	1
0.46	49	1.00017
0.18	14	0.998742
0.635	15	1.63154
0.16	24	0.999998
0.215	48	0.999991
0.6	10	0.99989
0.18	9	0.99998
0.325	61	0.997485
0.45	20	0.817507
1.425	81	0.997617
0.18	17	0.99578
1.63	29	0.942045
0.23	271	0.999976
0.295	105	0.711899
0.67	94	0.822821
0.34	20	0.999462
0.765	60	0.96483
0.42	63	0.562312
0.37	13	0.999781
0.425	18	0.994523
0.17	26	1.00015
0.365	117	0.705155
0.425	66	0.9977
0.29	197	0.999952
1.125	20	0.999665
0.515	15	0.989237
0.285	105	1.00102
0.29	106	1.00001
0.345	136	1.01088
0.465	12	1.41973
0.27	11	0.893915
0.41	103	0.999865
0.55	6	1.00173
0.38	86	0.996085
0.19	91	1.3547
0.645	3	0.778243
0.35	38	1
1.135	9	1.00016
0.3	64	0.939944
0.315	68	1.02915
0.59	8	0.97631
0.31	19	0.961138
0.225	10	0.999687
0.275	66	1.00542
0.745	33	0.998169
0.75	37	0.969926
1.065	26	0.124735
0.64	20	1.01563
0.365	57	1.22265
0.23	150	1.00758
0.3	83	0.472711
0.255	158	0.975139
0.985	5	0.996641
0.315	33	0.99948
0.375	45	0.993196
0.24	135	0.988997
0.185	88	1.00033
0.315	145	1.0001
0.65	74	0.996613
0.345	30	0.989123
0.825	31	0.450416
0.47	17	1.08601
0.43	76	1.0002
0.42	4	1.00026
0.355	150	0.999991
0.265	63	0.99836
0.265	24	1.0058
0.55	16	1.85627
0.69	4	0.847236
0.315	72	1.00051
0.24	66	0.990575
0.175	290	1.0002
0.32	250	0.708574
0.635	59	1.00145
0.345	80	0.943205
0.66	87	1.24586
0.625	70	1.1009
0.865	5	0.999998
0.44	97	0.479378
0.42	38	0.999725
0.39	58	0.995562
0.605	25	0.866217
0.165	12	0.999928
0.315	73	1.21542
0.28	318	0.995256
0.3	97	1.1929
0.14	34	0.999916
0.285	75	0.972568
0.23	107	0.999375
0.525	59	1.00034
0.14	13	0.999815
0.25	24	0.998032
0.265	16	1.00033
0.415	6	0.999584
0.43	11	0.999995
0.39	59	1.13572
0.505	75	0.588911
0.4	24	0.999388
0.28	65	1.00007
0.14	27	0.99998
0.37	5	0.999998
0.22	206	0.995439
0.25	52	0.881233
0.305	91	0.999145
0.315	128	0.999992
0.185	9	0.999604
0.545	7	1.00003
0.32	51	0.999995
0.195	222	0.999073
0.62	110	0.981702
0.475	1	0.991294
0.395	76	0.999949
0.21	33	0.99904
0.74	69	0.996889
0.4	111	0.999997
0.14	4	0.999994
0.175	2	0.999999
0.22	66	1.00111
0.18	7	0.968816
0.655	58	0.879718
0.15	39	0.999807
0.205	107	0.986046
0.15	3	1.00018
0.28	97	0.906317
0.46	54	0.999573
0.16	53	1
0.28	14	0.989061
0.24	33	0.989737
0.31	31	0.813266
0.345	142	0.739665
0.155	16	0.999844
1.02	83	0.994772
0.3	35	1.01027
0.42	22	0.990598
0.32	59	1.00121
0.425	172	0.964719
0.285	105	0.999841
0.78	177	0.999997
0.13	15	0.999903
0.66	45	1.00417
0.365	60	0.673846
0.685	3	0.999852
0.435	34	1.05649
0.27	64	0.999991
0.345	49	0.998332
0.55	115	0.998881
0.545	37	0.999999
0.215	291	0.998623
0.265	44	0.969879
0.26	20	1.00142
0.27	19	0.977427
0.28	9	0.978886
0.15	35	0.999937
0.225	8	0.996741
0.38	85	0.815525
0.15	14	0.999516
0.255	45	0.999972
0.165	105	1
0.175	5	1.00807
0.3	284	0.995083
0.2	83	0.998
0.305	7	0.999922
0.215	37	1.0081
0.24	149	1.00034
0.7	16	0.998853
0.27	97	1.71279
0.585	35	0.976583
0.15	50	0.999781
0.77	60	0.995252
0.165	71	0.998622
0.865	44	0.994077
0.37	20	1.00161
0.28	3	0.989612
0.61	17	1.03269
0.195	146	1.0001
0.61	91	0.95463
0.155	24	0.999126
0.27	64	0.999719
1.11	15	1.01205
0.22	81	0.999995
0.17	62	0.999996
0.755	39	1.11869
0.445	15	1
0.885	33	0.999959
0.415	90	0.997792
0.575	162	0.999062
0.6	4	0.999012
0.305	117	0.999991
0.255	229	0.995236
0.3	46	0.999546
0.22	95	0.999576
0.78	85	0.99302
0.53	5	0.807711
0.805	69	1.00401
0.385	100	1.00114
0.23	140	0.999325
0.575	158	2.14983
0.24	58	0.999985
0.23	286	0.996824
0.24	84	0.994922
0.835	36	0.898362
0.37	20	1.00262
0.66	9	0.414489
0.35	186	0.999651
0.34	61	0.999747
0.695	35	0.999613
0.35	29	0.666935
0.285	4	1
0.2	28	0.995709
0.33	138	1.24087
0.32	7	1.00861
0.545	83	1.11982
0.35	8	0.998313
0.26	4	0.99802
0.47	38	0.594285
0.275	61	0.983061
0.35	64	0.994322
0.275	21	0.856413
0.49	47	0.998375
0.365	44	0.999984
0.43	13	0.999863
0.41	15	0.946387
0.45	47	0.940777
0.19	166	1.0001
0.225	22	0.999538
0.955	9	0.999974
0.185	36	0.999816
0.35	38	0.999943
0.86	147	0.165963
0.425	115	1.18307
0.185	20	0.999998
0.26	126	0.764609
0.31	90	1.04492
0.16	6	0.9993
0.89	51	1.26286
0.26	43	1.01062
0.185	59	0.9954
0.195	1	0.999309
0.235	8	1.00003
0.35	61	1.00326
0.535	14	0.999999
0.37	6	0.984394
0.26	221	0.999615
0.29	152	0.99873
0.275	35	0.79998
0.135	14	0.999475
0.145	86	0.998962
0.3	1	0.992979
0.42	156	0.992527
0.135	12	0.999985
0.575	110	1.29033
0.3	102	0.999914
0.24	172	0.964372
0.355	45	0.998194
0.185	27	0.999978
0.275	69	0.998577
0.37	2	1.00732
0.43	14	1.00141
0.44	90	0.999439
0.215	27	0.999845
0.345	8	0.629408
0.325	17	1.02688
0.565	46	1.17463
0.24	55	0.999531
0.135	20	0.999989
0.205	6	1.00549
0.25	237	0.628668
0.365	89	0.584025
0.355	193	1.00999
0.425	36	0.998261
0.295	9	1
0.24	26	1.47141
0.205	10	1.00907
0.335	147	0.999915
0.285	205	0.999796
0.37	20	0.658656
0.47	77	0.999575
0.52	160	1.00002
1.015	21	0.189842
0.365	9	0.988035
0.255	10	1.00009
0.215	34	0.99873
0.19	33	0.998637
0.325	58	1.01293
0.29	14	0.993915
0.23	167	0.751885
0.215	36	0.997259
0.235	20	0.995789
0.165	30	0.999959
0.24	3	1.00419
0.56	82	0.384182
0.435	48	1.00033
0.345	77	0.999281
0.585	74	0.991896
0.34	19	0.909035
0.32	143	0.907499
0.17	85	0.999903
0.43	31	1.00041
0.225	52	1.00064
0.24	104	0.994955
0.385	8	0.999951
0.265	36	0.992151
1.29	42	0.947384
0.37	6	0.868179
0.145	18	0.998756
0.655	14	0.781825
0.525	41	0.999722
0.42	89	0.963537
0.35	117	0.999372
0.63	175	0.985157
0.6	47	1.15495
0.62	34	0.892902
0.085	66	1
0.49	1	0.98838
0.18	96	0.999819
0.455	31	0.362328
0.175	138	0.999997
0.46	19	0.999923
0.28	38	0.999699
0.705	58	1.52385
0.535	20	0.475588
0.325	12	0.967348
0.205	22	0.999992
0.325	19	0.952484
0.36	59	0.855817
0.495	70	0.997683
0.52	2	0.656164
0.3	1	0.999991
0.7	167	0.999422
0.75	5	0.999695
0.36	228	1.02537
0.18	92	0.999579
0.21	33	0.999503
0.255	139	0.999878
0.355	36	0.996456
0.19	50	0.999908
0.23	61	0.998809
0.5	11	0.790513
0.865	149	0.999866
0.305	38	1.03933
0.28	8	0.969182
0.4	14	1.02608
0.27	5	0.999995
0.555	59	1.04068
0.375	3	0.848497
0.26	53	0.999556
0.365	17	0.99938
0.365	42	1.01527
0.255	125	0.996798
0.305	81	0.985604
0.33	197	0.994754
0.36	36	0.993256
0.415	76	1.01206
0.415	13	0.979942
0.095	59	0.999982
0.23	164	0.997602
0.18	280	0.998794
0.64	101	0.771174
0.615	27	1.0138
0.855	34	1.62726
0.68	104	0.277813
0.34	108	0.999715
0.345	21	0.948252
0.365	41	1.00208
0.2	24	0.999866
0.47	62	1.02515
0.49	37	0.871696
0.875	114	1.02849
0.27	117	0.99977
0.35	138	0.97248
0.24	10	0.995989
0.34	8	0.999275
0.265	20	0.996658
0.595	23	1.00495
0.295	118	0.941282
0.275	5	1.01034
0.67	74	0.940748
0.225	33	1.0149
0.46	3	0.999981
0.465	3	1.00005
0.54	171	1.05625
0.59	60	0.5526
0.24	21	0.992405
0.16	9	0.999954
0.555	10	0.999993
0.295	37	0.960432
0.12	78	1
1.345	93	0.972462
0.42	57	0.999986
1.135	10	0.99732
0.59	15	0.999141
0.245	38	0.998337
0.33	23	0.999947
0.225	127	0.992954
0.53	107	0.994802
0.245	52	0.993275
0.275	14	1.0205
0.265	46	0.994486
0.165	48	0.99451
0.185	8	0.999905
0.245	57	0.99192
0.36	74	0.996443
0.335	96	0.99968
0.36	30	0.982256
0.32	144	1.04169
0.295	54	1
0.215	26	0.997545
0.43	148	0.999991
0.22	198	0.993098
0.23	29	0.999986
0.215	38	0.986547
0.655	87	1.00568
0.285	90	0.99999
0.62	70	0.999911
0.205	275	1
0.325	59	1.00287
0.335	33	1.14413
0.17	15	0.999565
0.3	34	0.991619
0.375	44	1.00679
0.62	26	0.999599
0.215	45	1.00444
0.545	40	1.01031
0.1	62	0.999991
0.37	16	0.977744
0.4	143	1.03102
0.23	127	1.00002
0.34	161	0.975694
0.21	287	0.999944
0.305	6	0.909042
0.26	1	0.999941
0.325	77	1.00993
0.3	74	1.23916
0.54	62	0.952171
0.475	108	0.998985
0.225	4	1.00049
0.155	112	0.999814
0.55	205	0.626361
0.19	54	0.984423
0.29	252	1.12919
0.72	90	0.998723
0.29	84	1.00555
0.225	10	0.999997
0.445	14	0.985065
0.94	13	0.999552
0.49	42	0.782386
0.43	91	1.00263
0.41	28	0.999814
0.165	20	0.999997
0.48	33	0.542345
0.365	36	0.704325
0.265	7	1
0.27	21	0.829394
0.185	2	0.999466
0.16	77	0.994287
0.535	34	0.998349
0.18	127	0.999991
0.265	4	0.999916
0.3	66	0.973836
0.475	46	0.989257
0.135	2	0.998359
0.205	19	0.999844
0.315	60	0.979213
0.15	23	0.999817
0.59	27	0.97809
0.13	3	1
0.245	66	0.999283
0.645	5	2.53587
0.435	85	1.08491
0.6	91	1.15104
0.185	25	1
0.29	44	1.04861
0.26	88	1.00035
0.205	55	1.02195
0.125	104	0.999938
0.595	71	0.25513
0.34	36	0.993291
0.525	44	1.03797
0.27	10	1.00099
0.355	6	0.964409
0.29	60	0.997495
0.29	121	1.10109
0.18	189	1.0005
0.335	14	0.975819
0.44	83	0.995589
0.34	28	0.987425
0.44	138	0.960092
0.37	3	0.994171
0.565	62	1.0012
0.305	8	0.985096
0.21	62	1.00105
0.61	70	0.996425
0.14	98	0.998957
0.475	6	1.00013
0.295	47	1.00143
0.77	161	1.00502
0.765	40	0.977769
0.26	28	1.00087
0.785	141	1.00337
0.365	10	0.94058
0.445	54	0.989066
0.615	13	0.999999
0.34	8	0.979618
0.29	86	1.00199
0.25	30	0.995618
0.585	221	0.81695
0.275	74	0.991357
0.525	10	0.994364
0.25	65	0.9998
0.655	11	0.997478
0.28	215	0.838102
0.17	9	0.999958
0.135	8	0.999015
0.21	14	0.999082
0.345	16	1.00728
0.09	16	0.999999
0.245	3	0.998147
0.41	23	1.45649
0.705	40	1.06559
0.315	22	1.05058
0.855	11	0.694391
0.3	36	1.0193
0.345	1	0.999993
0.71	43	0.689152
1.05	11	1
0.48	17	1.01263
0.355	15	0.698601
0.645	80	0.535796
0.14	30	0.999952
0.41	132	0.782304
0.75	41	0.999968
0.135	31	0.999998
1.26	108	0.999979
0.5	13	0.652562
0.155	10	0.999842
0.155	35	0.999736
0.685	32	0.977781
0.33	70	0.995674
0.69	242	0.975186
0.355	76	0.999843
0.32	5	0.882327
0.305	28	1.46567
0.395	31	1.96915
0.3	85	0.980235
0.44	15	1.00404
0.47	42	0.823102
0.245	26	0.999844
0.54	8	1.00341
0.29	14	1.00396
0.245	98	0.999947
0.16	28	1
0.325	5	0.999714
0.17	114	0.999729
0.35	14	0.999697
0.175	82	0.999711
0.24	37	1.00189
0.415	2	0.999245
0.135	25	0.999966
0.565	59	1.00165
0.305	27	0.99996
0.65	126	0.997194
0.285	96	0.979217
0.53	29	0.997766
0.79	57	1.73633
0.35	251	0.946134
0.3	161	0.971287
0.715	94	0.804105
0.345	16	1.0002
0.18	7	1.84559
0.12	181	0.999946
0.17	66	0.999998
0.46	19	0.931056
0.49	32	0.998181
0.46	36	0.664082
0.4	3	1.26121
0.165	6	0.989517
0.165	60	0.999627
0.67	100	0.938713
0.535	24	0.586349
0.195	47	1.01314
0.245	118	0.988571
0.235	1	0.999922
0.415	102	1.12054
0.42	69	0.82848
0.31	10	1.36603
0.465	141	1.00334
0.235	71	0.998844
0.46	70	0.999968
0.44	68	3.68464
0.735	90	0.806611
0.365	24	1.01857
0.325	167	0.998683
0.255	160	1.00387
0.395	57	0.774188
0.2	130	0.995435
0.29	48	1.00773
0.175	52	0.999972
0.29	17	0.955971
0.325	22	0.999166
0.505	35	0.999697
0.195	26	0.99987
0.57	23	1.01851
0.575	177	0.157282
0.395	57	0.999994
0.365	180	0.998633
0.25	22	1.01612
0.26	140	0.968419
0.78	75	0.486505
0.19	71	0.998736
0.365	5	0.999965
0.42	100	0.678806
0.565	2	0.960472
0.41	18	0.93819
0.215	26	1.00063
0.205	96	1.00133
0.19	119	1.00093
0.545	350	0.993074
0.16	53	0.999956
0.7	84	1.00435
0.27	10	1.00117
0.34	32	0.99882
0.37	63	0.98913
0.325	84	0.999153
0.215	7	0.999856
0.245	49	0.996438
0.155	108	0.980864
0.255	68	1.00798
0.135	149	1.00118
0.585	29	1.0451
0.18	20	0.999955
0.295	97	1
0.725	11	0.999823
0.39	97	0.999563
0.18	12	0.999999
0.2	15	0.999994
0.33	46	0.990593
0.325	9	1.01853
0.275	149	0.970358
0.395	12	0.988904
0.285	28	0.99818
0.225	150	0.996415
0.195	6	0.999872
0.275	25	0.998543
1.26	23	0.826018
0.475	61	1.00598
0.155	31	0.999974
0.79	18	0.999538
0.27	3	0.950949
0.325	65	0.999535
0.315	11	1.26998
0.09	123	0.999951
0.5	33	0.999965
0.605	116	1.02202
0.37	17	0.986028
0.345	80	0.999918
0.205	116	0.999058
0.355	128	0.821708
0.595	53	0.935374
0.705	63	0.999998
0.29	23	1.01242
0.35	15	0.99999
0.65	142	0.5116
0.61	24	0.994671
0.275	62	1.00054
0.235	43	0.978443
0.2	87	0.929504
0.22	42	0.997516
0.175	88	0.997517
0.645	203	0.83347
0.115	29	1.00012
0.575	3	0.999999
0.305	5	0.950973
0.395	115	0.999904
0.265	142	1.03087
0.27	29	1.00069
0.74	11	0.50945
0.6	77	0.622059
0.19	154	0.999843
0.205	193	0.999867
0.56	132	0.999143
0.33	99	0.999876
0.225	12	0.998967
0.11	29	1.00019
0.205	65	0.999955
0.465	39	0.979526
0.39	1	0.99875
0.525	37	1.03008
0.605	1	1.00858
0.33	81	0.996176
0.2	20	1.00203
0.14	94	1.00018
0.19	37	0.999836
0.515	38	1.25742
0.23	62	0.999879
0.235	116	0.993405
0.345	108	0.988485
0.805	106	0.996411
0.515	112	0.725061
0.485	8	0.804996
0.54	135	0.838205
0.105	22	1.00089
0.295	162	0.997798
0.485	1	0.999378
0.47	73	1.00013
0.755	23	0.143871
0.405	4	0.999402
0.31	67	1.00163
0.32	83	1.00118
0.94	18	0.855817
0.165	1	0.999998
0.265	18	1.00086
0.615	66	0.837057
0.58	6	0.995825
0.44	46	1.05592
0.25	115	0.990635
0.135	33	1.00032
0.28	51	0.686923
0.595	76	0.0929653
0.275	15	1.09169
0.265	2	0.99962
0.28	47	1.00437
0.28	4	1.02429
0.24	351	1.00022
0.29	78	0.992116
0.28	37	0.999658
0.14	112	1.00004
0.305	156	1.00002
0.54	47	0.999763
0.4	115	0.999811
0.265	22	0.999686
0.19	67	0.99996
0.275	65	0.999997
1.25	138	1.04609
0.235	3	0.99961
0.32	23	0.983973
0.45	62	1.20184
0.175	39	1.00001
0.265	211	1.00037
0.275	84	1.00225
0.455	121	0.999986
0.195	50	0.997445
0.12	89	0.999999
1.01	30	1.0896
0.17	111	1.00001
0.26	99	0.989438
0.415	38	1.0001
0.395	11	1.00426
0.185	12	1
0.2	15	0.999835
0.18	51	0.997103
0.215	75	0.999708
0.165	64	0.99996
0.165	24	0.999556
0.415	92	0.999961
0.545	70	0.999734
0.67	25	0.999507
0.61	26	1.03415
0.35	3	1.04697
0.26	8	0.68645
0.15	73	0.999988
0.455	38	1.06925
0.3	114	0.952207
0.22	53	0.999631
0.6	2	0.447253
0.61	129	0.839699
0.725	1	0.990505
0.345	56	1.01613
0.46	26	0.996263
0.115	10	0.999793
0.245	39	1.2421
0.21	1	0.999949
1.315	20	0.998548
0.39	48	0.999994
0.25	9	1.00179
0.335	46	1.35017
0.62	60	0.999923
0.975	284	0.989567
0.4	71	0.526065
0.52	37	0.999152
0.395	276	0.996407
0.175	68	1.00106
0.195	15	1.1175
0.185	160	0.998164
0.215	94	1.00001
0.21	90	1
0.375	182	0.691984
0.655	55	0.999166
0.39	18	0.991761
0.47	76	1
0.22	98	0.972898
0.32	26	0.996842
0.175	15	0.999993
0.39	23	0.998783
0.33	34	0.996526
0.255	40	0.999698
0.315	85	1.00175
0.17	12	0.996485
0.66	17	0.668492
0.295	110	0.999996
0.495	10	1.01996
0.26	71	1.00537
0.42	42	1.00291
0.46	60	0.746442
0.35	5	1.16934
0.275	162	0.941995
1.265	9	0.0464123
0.325	82	0.999998
0.265	158	0.782098
0.365	45	0.999949
0.195	6	0.999
0.43	5	0.998712
0.62	60	1.01739
0.4	18	0.987465
0.355	35	0.403076
0.295	122	1.01036
0.65	9	0.999943
0.125	51	1.00024
0.205	48	0.994742
0.75	22	0.997683
0.38	33	0.999973
0.205	21	1.00241
0.375	156	0.957508
0.325	73	0.999108
0.285	15	0.810467
0.215	192	0.999997
0.26	72	1.00026
0.43	27	1.04435
0.46	26	0.732021
0.79	175	0.998038
0.265	51	0.942165
0.36	57	0.999964
0.885	45	1.01563
0.385	97	0.99836
0.285	5	0.893496
0.885	119	0.96432
0.325	36	0.999999
0.35	145	1.029
0.55	13	0.950146
0.47	7	0.999978
0.295	28	0.976564
0.3	4	0.959757
0.515	60	0.683011
0.5	138	0.641969
1	53	0.345405
0.36	6	0.999936
0.64	57	0.989736
0.22	87	1.00036
0.825	14	0.999913
0.25	19	1.01761
0.425	7	0.784752
0.22	32	1.00021
0.465	41	0.962315
0.07	231	1
1.185	1	0.994962
0.245	20	1.10363
0.18	10	0.999822
0.32	178	0.999362
0.415	97	0.98699
0.275	17	0.999985
0.51	13	0.721611
0.315	42	1.01866
0.19	56	0.99188
0.2	19	0.955727
0.3	92	1.00586
0.645	17	0.484766
0.68	7	0.271185
0.595	22	0.729727
0.86	6	0.90971
0.155	32	1
0.5	55	0.998221
0.2	25	1.00047
0.575	25	0.634664
0.265	4	0.999993
0.29	104	0.998123
0.315	73	0.63428
0.27	10	1.01218
0.275	75	1.00546
0.15	38	0.999998
0.14	43	0.999958
0.465	64	0.999891
0.135	89	0.99956
0.135	108	1
0.425	172	0.905512
0.195	227	1
0.2	16	0.999864
0.295	20	0.999407
0.255	14	0.947434
0.305	216	0.999136
0.475	11	0.997415
0.185	8	1
0.24	58	0.995161
0.43	6	0.665036
0.18	49	1
0.565	135	0.960592
0.475	61	0.996839
0.3	14	0.978387
0.205	10	0.999948
0.365	100	1.03012
0.255	119	0.979623
0.35	34	0.999217
0.44	14	0.93643
0.275	85	1.01943
0.385	9	0.999781
0.205	7	0.99653
0.505	119	0.999997
0.11	14	0.999995
0.46	34	0.999767
0.32	31	0.816992
0.24	267	0.999997
0.375	28	0.999636
0.175	39	0.999249
0.415	200	1.00092
0.825	22	0.911742
0.195	62	0.999287
0.3	71	0.993182
0.38	131	0.984107
0.3	64	0.975823
0.215	138	1.00008
0.19	5	0.988734
0.18	95	0.999962
0.255	74	0.996669
0.58	64	0.996811
0.265	2	0.999886
0.15	148	0.999893
0.32	13	0.999888
0.27	1	0.999955
0.32	73	1.11466
0.19	45	0.999996
0.165	26	0.999938
0.28	41	0.631061
0.19	82	0.999813
0.31	49	1.5857
0.835	54	0.991607
0.515	150	1.03216
0.26	8	0.994894
0.23	39	0.998938
0.325	5	0.99794
0.27	18	0.999788
0.645	84	0.998918
0.41	169	1.01301
0.57	54	0.968765
0.435	51	0.505108
0.235	47	0.999928
0.415	34	0.995335
0.305	17	0.997221
0.295	3	0.999993
0.99	63	0.316685
0.355	8	1.55221
0.575	112	0.855503
0.185	2	0.999994
0.26	8	0.707162
0.23	29	0.998497
0.235	70	0.999977
0.29	152	0.999877
0.36	105	0.995372
0.395	31	0.57159
0.625	38	1.0175
0.28	21	0.999984
0.125	16	0.9995
0.365	84	1.24146
0.31	28	0.99986
0.525	19	0.996816
0.645	95	1.00123
0.335	114	0.959923
0.43	3	0.999508
0.255	9	1.08354
0.22	81	0.999997
0.73	12	0.995389
0.435	52	0.43795
1.165	5	1.05819
0.25	50	0.991376
0.305	16	0.99701
0.425	78	0.998268
0.36	55	0.999944
0.16	62	0.99992
0.195	50	0.999691
0.6	22	1.00093
0.79	17	0.9537
0.07	26	1
0.205	28	0.998352
0.155	171	1
0.25	58	0.999635
1.335	146	0.999783
0.61	36	0.999988
0.335	101	0.957608
0.31	116	0.999516
0.57	57	1.00016
0.245	125	1.00137
0.15	30	1.00002
0.525	25	1.00592
0.24	34	1
1.33	6	1.00036
0.285	94	0.990046
0.21	5	1
0.235	32	0.732757
0.225	3	0.99957
0.64	31	1.00174
0.205	10	1.16167
0.69	54	0.477328
1.4	10	1.00912
0.215	29	0.999879
0.475	65	0.999937
0.515	37	0.991143
0.265	28	0.995428
0.215	140	0.999831
0.32	67	0.999982
0.25	70	0.982516
0.19	52	0.998162
0.74	146	0.986219
0.61	65	0.526221
0.25	32	1.00583
0.47	164	0.99548
0.295	2	0.961239
0.14	144	1.00015
0.54	43	1.03733
0.185	1	1
0.275	21	0.9998
0.365	12	0.9885
0.245	29	1.02026
0.09	73	1
0.51	92	0.999098
0.995	30	0.996836
0.36	131	0.853344
0.175	22	0.999259
0.145	27	0.999975
0.265	3	0.998371
0.56	66	0.975003
0.175	61	0.99992
0.175	48	0.999885
0.48	16	0.560893
0.285	33	0.999627
0.27	73	1.00101
0.415	32	0.99998
0.495	8	0.997526
0.61	82	0.121553
0.295	37	0.999968
0.445	78	1.5082
0.525	50	0.999976
0.315	17	0.999957
0.13	66	0.999773
0.905	18	0.964335
0.24	5	1.01165
0.225	98	1.00013
0.605	9	0.904135
0.135	80	1
0.305	25	0.594326
0.235	124	0.998974
0.18	81	0.999042
0.41	120	0.998154
1.015	60	0.171483
0.595	94	0.992662
0.53	2	0.99434
0.535	42	0.606722
0.33	5	0.989835
0.46	43	0.999523
0.21	180	0.999927
0.285	7	1.00001
0.54	26	0.144338
0.4	73	0.999895
0.125	339	0.999672
0.43	47	1.00119
0.155	28	1.00006
0.245	140	0.99146
0.18	26	1.00574
0.165	3	0.999163
0.4	15	1.00813
0.26	55	1
0.2	10	0.999647
0.96	86	0.95447
0.39	31	1.06005
0.215	30	0.999735
0.155	78	0.999933
0.33	277	0.999004
0.435	67	0.999906
0.13	16	0.999846
0.56	65	1.38361
0.3	1	0.998596
0.195	33	0.997918
0.395	63	0.999884
0.19	30	0.997219
0.255	128	0.999998
0.14	61	1
0.76	39	0.808418
0.515	13	1.09947
0.275	49	0.993664
0.395	86	0.805074
0.76	16	3.3113
0.535	19	0.980155
0.45	16	1.04826
1.23	40	1.08332
0.295	4	1.01532
0.435	17	0.999793
0.275	75	0.998833
0.195	29	1.04086
0.285	22	0.794121
0.39	38	0.999933
0.33	137	0.899072
0.51	32	0.727427
0.4	88	0.690774
0.2	4	0.999761
0.215	103	0.999999
0.535	102	0.999944
0.14	38	0.999847
0.23	27	1
0.51	148	0.894143
0.795	42	0.0621025
0.415	19	0.997566
0.285	30	0.986668
0.49	147	0.675785
0.39	232	0.687179
0.36	45	1.16465
0.55	35	0.99958
0.275	4	0.996786
0.27	16	0.999944
0.45	100	0.709069
0.23	43	0.998338
0.545	10	0.480377
0.385	30	0.965319
0.155	22	0.436727
0.185	36	0.999719
0.26	55	0.999218
0.335	47	1.72993
0.44	12	0.997046
0.28	87	0.884416
0.58	35	0.994989
0.745	11	1.02509
0.37	1	1.00005
0.61	48	1.00258
0.4	37	0.82365
0.235	28	1
0.145	32	0.997726
0.91	22	1.46823
0.805	28	1.00985
0.18	231	0.999821
0.635	18	1.00886
0.105	121	1
0.85	73	0.947312
0.905	92	1.00194
0.995	31	0.383319
0.28	17	0.966564
0.2	97	0.999176
0.3	35	0.996505
0.3	65	0.994802
0.345	165	0.979047
0.42	21	0.969333
0.425	29	0.555294
0.08	21	1
0.155	28	0.999945
0.835	27	1
0.22	139	0.96546
0.72	114	0.988068
0.27	75	0.999962
0.47	53	0.44344
0.6	107	0.999997
0.225	116	0.988455
0.885	5	1.31443
0.37	87	1.04822
0.255	155	1.00185
0.375	134	1
0.205	2	0.99999
0.26	2	0.999875
0.155	37	0.999276
0.405	30	0.799196
0.155	45	0.999878
0.495	30	1.02846
0.425	51	0.963061
0.225	124	0.999997
0.39	275	1.0059
0.44	3	1.49737
0.46	57	0.996963
0.175	240	0.997049
0.865	54	0.850392
0.32	2	0.999574
0.285	27	1.00012
0.23	9	0.999561
0.475	35	1.01145
0.255	24	0.834889
0.725	79	1.26785
