0.46	4	1.3018
0.16	160	0.998403
0.22	8	0.994512
0.28	43	1.00453
0.32	158	0.99881
0.18	86	0.999579
0.62	10	3.83817
0.27	32	0.998993
0.6	143	0.943467
0.355	51	0.999874
0.275	4	1.00155
0.385	6	0.821605
0.22	215	0.99752
0.28	4	1.00022
0.405	37	1.46381
0.55	105	0.974221
0.2	18	0.999993
0.12	27	1
0.475	84	0.874485
0.19	39	0.991528
0.25	215	0.999909
0.535	144	1.00526
0.295	6	0.999904
0.64	214	0.99999
0.21	19	0.9998
0.635	162	0.981642
0.19	30	0.999621
0.16	14	1
0.235	27	1.00077
0.495	184	1.00001
0.275	205	1.39452
0.51	50	0.999995
0.21	45	0.999999
0.435	54	1.00316
0.205	134	0.999854
0.185	13	0.997831
0.33	34	0.999713
0.205	36	0.697477
0.215	10	0.999999
0.145	51	0.998724
0.635	15	1
0.195	72	0.999745
0.225	23	0.999936
0.68	6	1.00353
0.345	199	0.999662
0.385	8	0.878933
0.275	123	1.00059
0.29	29	1.20024
0.47	24	0.774512
0.56	44	0.628886
0.205	39	0.862373
0.475	178	1.00542
0.225	7	1.00005
0.36	99	0.671402
0.255	62	0.999604
0.215	115	1.00261
0.355	8	0.996476
0.205	42	1.01718
0.13	53	0.99966
0.665	2	1.02017
0.175	13	0.996241
0.245	8	0.998951
0.385	13	1.00004
0.235	37	1
0.37	32	0.937394
0.435	5	1
0.61	209	0.999488
0.185	25	0.999666
0.415	178	0.948448
0.35	50	0.995891
0.655	38	1.12693
0.4	91	0.433351
0.365	56	0.767154
0.185	98	0.999999
0.265	11	0.923027
0.545	29	0.997107
0.445	176	1.0037
0.525	7	1.3341
0.12	36	0.999966
0.49	33	1.00634
0.39	7	0.799705
0.3	191	0.981329
0.83	17	1.54826
0.225	35	0.980378
0.235	59	1.0037
0.235	39	0.999901
0.415	55	0.998652
0.23	190	1.04835
0.44	42	1
0.3	54	0.994382
0.155	32	0.998765
0.36	28	0.530228
0.515	12	0.998077
0.22	65	0.999989
0.305	91	0.995131
0.285	61	0.999999
0.175	15	1.0001
0.925	145	1
0.815	128	0.998542
0.105	13	0.999996
0.295	247	1.00144
0.76	14	0.945411
0.255	23	0.996255
0.235	15	1.00299
0.46	61	0.998882
0.31	65	1.02735
0.17	35	0.998561
0.39	3	0.954031
0.215	262	0.999562
0.295	141	1.07079
0.34	7	0.998877
0.21	10	0.854202
0.28	34	0.960539
0.305	106	0.972805
0.185	85	0.99998
0.16	58	1
0.145	130	0.999988
0.78	107	0.533593
0.415	5	0.807522
1.295	84	0.441755
0.845	1	0.817401
0.49	28	0.999912
0.13	26	0.998187
0.115	61	1
0.44	42	0.99846
0.23	17	0.999646
0.505	100	0.922918
0.295	88	0.998134
0.115	48	1.00001
0.745	17	1.34499
0.215	6	1.03476
0.535	19	0.999653
0.26	160	0.999912
0.37	14	1.31677
0.185	53	0.999698
0.42	14	1.27703
0.55	52	0.998205
0.275	43	0.997874
0.21	20	0.989353
0.27	4	1.00075
0.17	96	0.999994
0.125	139	1.00014
0.72	155	1.33403
0.27	155	0.999462
0.22	22	1.00221
0.21	49	0.986854
0.45	19	1.00014
0.8	111	0.446978
0.675	6	0.99949
0.555	10	0.692849
0.38	28	0.65328
0.245	26	1.20051
0.295	155	1.00057
0.335	53	0.597433
0.38	11	1.17594
0.19	27	0.999474
0.64	32	0.826589
1.085	22	1
0.24	31	0.999999
0.56	42	3.81804
0.295	108	0.995911
0.15	77	0.999895
0.43	20	0.144872
0.235	87	1.00379
0.315	25	0.941873
0.16	1	1
0.135	80	0.999985
0.26	2	0.526647
0.525	197	1.05128
0.5	37	0.924875
0.165	48	0.998064
0.23	10	0.995146
0.275	1	0.999989
0.255	3	0.998967
0.24	93	0.998255
0.35	23	0.996173
0.295	1	1.00041
0.44	9	0.823624
0.34	51	0.787636
0.45	18	0.993624
0.58	283	0.971634
0.46	46	0.998656
0.565	133	0.733876
0.34	19	0.96219
0.165	76	0.999902
0.495	80	1.00069
0.485	26	0.951422
0.42	150	0.999715
0.155	4	0.999999
1.465	36	0.53143
0.535	25	1.0056
0.45	44	0.979983
0.255	34	0.977782
0.855	11	0.243206
0.145	43	1
0.3	31	0.905423
0.19	9	0.999975
0.23	12	0.999077
0.42	21	0.999502
0.945	18	0.195148
0.215	66	0.999778
0.31	28	1.0001
0.165	6	0.964843
0.23	95	0.999595
0.34	142	1.01964
0.255	46	1.00398
1.145	93	0.997649
0.17	31	1.00189
0.99	25	0.79521
0.58	3	0.970403
0.58	5	0.565323
0.58	28	1.41394
0.28	29	0.999855
0.16	11	0.999982
0.135	43	0.999989
0.175	7	0.984611
0.43	21	0.987549
0.475	18	1.17194
0.825	170	1.23352
0.33	147	0.999864
0.33	12	0.999947
0.14	3	0.999932
0.275	99	0.980078
0.415	10	0.969353
0.495	46	1
0.21	177	0.999986
0.18	32	0.995443
0.405	49	0.999987
0.29	133	0.999828
0.305	188	0.999979
0.395	141	0.905334
0.69	42	0.995411
0.505	9	0.976298
0.425	42	0.962936
0.41	45	0.999983
0.685	54	0.999999
0.22	11	0.983081
0.285	68	0.996653
0.23	99	0.999999
0.095	316	0.999999
0.255	23	0.999994
0.85	52	0.978406
0.135	29	1
0.605	183	0.940916
0.585	61	1.00748
0.185	62	0.999954
0.455	24	1.00528
0.085	7	1
0.425	31	0.999838
0.31	15	1.00001
0.155	36	0.999971
0.205	178	0.999827
0.16	48	0.999434
0.43	49	1.0011
0.52	84	1.11193
0.165	89	0.993035
0.17	43	0.999508
0.395	48	1.00977
0.115	31	0.999822
0.41	5	1.08921
0.35	40	0.998257
0.525	18	0.998724
0.155	41	1.00673
0.3	150	0.972403
0.25	59	0.997507
0.295	17	0.999422
0.22	11	0.998587
0.465	147	1.0162
0.335	84	0.990972
0.21	57	1.0839
0.685	62	0.998356
0.525	72	0.99999
0.16	196	0.999881
0.24	40	1.00323
0.73	46	0.999075
0.305	60	0.999986
0.665	41	0.996434
0.95	62	1.112
0.26	32	1.005
0.46	52	1.01253
0.505	108	0.998583
0.395	49	1.00035
0.35	182	0.956213
0.11	28	0.99993
0.35	97	0.999936
0.265	67	0.99999
0.16	2	0.999999
0.09	19	1
0.4	8	0.999956
0.26	18	1.00128
0.3	66	0.988297
0.135	19	0.999997
0.24	22	1.00225
0.16	19	0.999945
0.54	9	0.534248
0.23	182	1.00849
0.195	13	0.988044
0.235	15	0.999759
0.81	81	0.714149
0.465	27	0.709216
0.205	35	0.976132
0.26	66	0.999753
0.76	11	0.997157
0.94	22	0.816134
0.355	25	1.0102
0.205	51	1.00841
0.23	36	1.00144
0.33	40	0.999682
0.305	4	0.997883
0.37	8	1.00049
0.18	42	0.999834
0.495	2	0.96419
0.305	101	0.996346
0.33	2	1.179
0.57	385	0.991291
0.24	113	0.998691
0.18	178	0.998178
0.245	188	0.986272
0.66	56	0.66508
0.355	25	0.999839
0.35	2	0.716866
0.525	40	0.55419
0.325	107	1.74956
0.575	37	1.31989
0.31	186	1.01027
0.34	64	1.25473
0.4	49	0.994238
0.475	17	0.975122
0.765	86	0.999917
0.47	21	2.49354
0.61	131	0.999999
0.425	10	0.39179
0.165	199	0.999951
0.395	71	1
0.72	172	0.972651
0.27	58	1.00684
0.18	25	0.999753
0.295	1	0.999125
0.25	33	0.997001
0.25	27	0.992796
0.505	2	0.930105
0.605	61	1.19916
0.455	39	1.00039
0.4	330	0.566675
0.37	24	1.28289
0.35	4	0.991252
0.365	157	0.994078
0.495	18	1.26934
0.175	72	0.999469
0.405	54	0.920128
0.295	3	0.999919
0.355	6	0.987512
0.43	96	0.99922
0.18	77	0.996566
0.3	28	1.00835
0.215	54	0.999885
1.4	62	0.999999
0.53	121	0.508275
0.16	8	1
0.19	98	0.998732
0.65	12	0.985987
0.15	26	0.996693
0.81	67	0.999975
0.2	5	1.00018
0.23	23	1.00017
0.21	70	0.712073
0.85	66	0.987045
0.18	13	1
0.23	55	1.04308
0.815	3	1.00053
0.16	67	1.00003
0.38	74	1.54758
0.76	77	0.872965
0.315	40	0.998887
0.4	163	0.906263
0.225	47	0.988991
0.29	13	0.983237
0.35	16	1.01188
0.395	2	1.17966
0.365	117	0.797014
0.53	45	0.995416
0.745	54	0.999885
0.35	132	0.597212
0.325	159	0.999981
0.595	13	0.695761
0.575	58	0.999975
0.21	109	0.999785
0.08	154	1
0.41	64	1.03766
0.47	52	1.01771
0.135	7	0.999996
0.53	131	1.03449
0.2	54	0.955266
0.195	60	0.998564
0.335	122	0.99664
0.135	178	1.00016
0.33	147	1.02638
0.83	108	0.987196
0.635	57	0.987111
0.18	3	0.993518
0.56	25	0.999999
0.22	21	0.79287
0.795	83	0.9997
0.27	69	0.999799
0.265	48	1.00001
0.435	84	0.878875
0.505	193	0.995794
0.195	13	0.996821
0.16	21	0.999993
0.305	93	2.60359
1.1	4	1.00365
1.16	28	0.999353
0.78	32	0.999992
0.2	4	0.996806
0.295	22	0.999827
0.37	181	0.772668
0.31	78	0.999464
0.365	64	0.986421
0.465	25	0.953326
1.01	9	1.05239
0.245	27	0.999478
0.265	39	0.982644
0.415	4	0.723569
0.215	3	0.999997
0.52	28	0.999687
0.14	1	1
0.37	227	0.998683
0.23	6	1.00008
0.65	41	0.972078
0.165	14	0.999201
0.54	18	0.999999
0.255	29	0.999974
0.43	3	0.999999
0.235	89	0.999215
0.145	198	1.00065
0.455	2	0.890255
0.2	49	1.0002
0.555	39	0.335458
0.785	96	1.0072
0.51	17	1.80843
0.215	136	1.00018
0.19	38	0.983536
0.52	161	0.697289
0.35	11	1.41576
0.36	163	1.00015
0.54	105	0.999978
0.21	139	0.998056
0.095	58	0.999994
0.38	91	0.992844
0.305	10	0.976487
0.27	106	0.996806
0.43	9	0.851867
0.585	6	0.998847
0.255	132	0.998882
0.28	11	0.973607
0.21	10	1
0.43	5	0.829345
0.185	7	0.999538
0.27	9	0.9641
0.24	127	1.0014
0.13	27	1
0.39	90	1.06311
0.795	60	0.21157
0.16	4	0.999988
0.34	42	0.995452
0.34	34	1.23827
0.41	149	0.99262
0.325	30	1.01207
0.335	15	0.999982
0.175	26	1.00003
0.665	165	0.478951
0.28	89	0.99278
0.245	122	0.999262
0.19	35	0.999988
0.88	18	0.723457
0.34	41	0.911886
0.18	41	0.997217
0.25	4	0.997633
0.235	1	0.637126
0.255	2	0.999999
0.185	11	0.99593
0.9	63	1.08157
0.15	43	0.997769
0.37	60	0.990851
0.425	59	0.79742
0.54	108	1.15184
0.275	221	0.970444
1.335	44	1.00008
0.245	43	0.999997
0.345	43	1.00033
0.205	54	0.999928
0.425	15	0.976686
0.385	105	0.987469
0.675	140	0.998067
0.515	42	1.00264
0.385	49	0.995338
0.11	32	1
0.24	1	0.999948
0.27	59	0.998938
0.425	71	0.960619
0.635	26	0.725646
0.17	57	0.99922
0.405	16	0.624752
0.275	187	1.21109
0.39	81	0.999787
0.23	64	0.996025
0.18	134	0.999999
0.515	313	1.0027
0.825	1	1.00006
0.25	169	1.04954
0.42	23	0.895104
0.345	187	0.999031
0.2	54	0.999999
0.595	156	0.942805
0.595	131	0.999883
0.285	58	1.04854
0.55	112	0.955405
0.425	356	1
0.835	75	0.999996
0.695	132	0.767317
0.46	3	1
0.57	75	0.553653
0.265	37	0.999921
0.205	185	0.999999
0.155	70	0.999988
0.61	15	1.04878
0.205	124	1
0.35	72	1.006
0.515	51	0.999844
0.2	33	1.00002
0.455	19	0.987224
0.195	15	0.989767
0.085	24	0.999999
0.075	79	1
0.125	23	1.00043
1.62	30	1.0052
0.515	2	0.991406
0.18	71	1
0.855	28	2.0996
0.39	54	1.67236
0.135	10	0.999987
0.585	33	0.94766
0.395	41	0.999964
0.15	72	0.999828
0.405	201	0.784355
0.36	28	0.542185
0.22	67	0.994431
0.415	34	0.897809
1.465	59	0.999999
0.43	121	0.995572
0.12	274	0.999466
0.34	129	0.983254
0.935	12	0.973645
0.2	5	1.01363
0.265	135	0.998819
0.22	10	1.00147
2.005	4	0.999939
0.345	120	0.773898
0.205	2	1.00175
0.155	7	0.999994
0.24	90	1.00696
0.545	156	0.995472
0.155	100	0.99962
0.27	9	0.989975
0.92	7	1.79552
0.365	7	0.999973
0.25	43	0.997453
0.28	4	0.997379
0.18	59	1.00049
0.53	111	0.782222
0.31	105	0.967385
0.25	55	0.999969
0.36	22	0.998432
0.16	89	1.00439
0.33	118	0.99999
0.37	194	0.999898
0.3	7	1.4495
0.35	12	0.99851
0.21	84	0.999942
0.255	164	1.00704
0.21	37	0.986948
0.395	4	0.452309
0.245	33	0.999653
0.51	19	0.884664
0.405	40	0.999854
0.215	73	0.997465
0.315	36	0.999886
0.075	43	1
0.54	200	0.99661
0.38	52	0.994881
0.725	3	0.999769
0.535	23	1.00061
0.295	135	0.999603
0.34	10	1.0169
0.285	28	0.993205
0.37	14	1.00789
0.495	14	1.34728
0.305	48	0.999887
0.22	35	1.00701
0.25	23	0.968337
0.235	20	1.01112
0.625	44	0.837887
0.445	31	1.00166
0.56	28	0.751741
0.21	43	1.0074
0.73	43	0.99998
0.335	103	0.814444
0.255	97	0.999556
0.19	40	0.999936
0.21	10	0.999055
0.34	21	0.793373
0.125	33	0.999886
0.61	135	0.693868
0.49	197	1.00133
0.2	1	0.989935
0.35	11	0.996387
0.955	3	0.996728
0.495	4	1.02774
0.34	8	0.986082
0.44	87	0.992301
0.41	33	0.992187
0.3	25	0.932702
0.565	11	0.99995
0.385	16	1.31713
0.215	7	0.999712
0.315	15	1.15011
0.32	104	0.996856
0.47	3	0.995614
0.65	15	1.1058
0.615	108	0.310432
0.465	53	0.998601
0.145	13	0.998986
0.375	48	0.976317
0.22	74	1.02264
0.295	133	0.973952
0.305	92	1.00088
0.515	18	0.898336
0.425	20	0.995487
0.375	26	0.999649
0.305	21	0.998521
0.67	10	1.00003
0.26	36	1.0054
0.58	10	1.13038
0.355	19	0.999488
0.77	55	0.890223
0.335	92	0.984937
0.55	66	1.00096
0.25	4	0.999722
0.315	100	1.0008
0.525	2	1.24819
0.255	54	0.999227
0.76	100	2.65619
0.215	6	0.99824
0.27	5	0.859638
0.37	73	0.401747
0.485	99	0.999989
0.495	65	1.00014
0.395	53	0.981228
0.305	1	0.999928
0.32	163	1.15064
0.455	31	0.996924
0.245	23	0.999926
0.7	29	0.997431
0.19	156	0.999396
0.215	79	0.992857
0.7	43	1.02159
0.32	43	0.999786
0.33	91	1.01236
0.25	84	0.993743
0.695	218	1.00729
0.14	131	0.999598
0.465	20	1.06001
0.57	11	0.999807
0.535	9	0.0725452
0.34	60	0.999775
0.385	156	1
0.1	41	1
0.265	82	0.998795
0.405	35	1.14012
0.275	136	0.999716
0.325	58	0.999998
0.485	43	1.02274
0.29	43	0.999999
0.22	11	0.99999
0.365	17	1.00028
0.225	53	1.03136
0.1	115	0.999951
0.285	93	1.03518
0.085	4	1
0.78	51	0.70397
0.155	10	0.999827
0.445	10	0.997055
0.28	93	0.999996
0.285	58	0.818116
0.13	4	0.999848
0.41	14	0.996101
0.36	4	0.999609
0.5	53	1.27047
0.25	13	0.995465
0.38	4	1.00002
0.885	1	1.005
0.355	115	0.998647
0.2	3	1
0.3	16	0.804046
0.16	176	1
0.31	14	0.635465
0.875	127	0.980739
0.255	26	0.996203
0.345	8	0.999838
0.425	24	0.890617
0.205	11	0.999826
0.26	117	0.984041
0.765	21	0.557039
0.255	232	0.99954
0.27	116	0.998971
0.215	18	0.999618
0.205	101	0.999986
0.19	27	0.999075
0.365	46	0.999203
0.215	44	0.761968
0.915	88	1.04162
0.48	15	0.999621
0.29	55	0.999724
0.58	39	0.998832
0.305	70	0.9998
0.165	145	1.00051
0.205	73	0.999959
0.185	3	0.992745
0.3	36	0.991575
0.38	5	0.680703
0.605	6	1.66934
0.885	82	0.999996
0.355	6	1.02557
0.425	10	0.976323
0.265	90	0.997786
0.335	71	0.80813
0.345	13	1.10125
0.165	105	0.999651
0.125	80	0.999999
0.28	3	1.00209
0.3	23	0.809919
0.575	91	0.992797
0.79	51	0.999986
0.21	4	0.999988
0.265	1	1.02182
0.17	107	1.00216
0.41	90	1.02556
0.135	188	0.999746
0.435	54	1
0.27	7	1.00137
0.62	50	0.77996
0.32	2	1.00115
0.15	98	0.998846
0.515	117	1.00107
0.265	101	0.999547
0.43	9	1.00014
0.2	27	1.00093
0.48	17	1
0.905	5	1.00005
0.545	6	1.00704
0.46	19	0.99275
0.48	14	0.999903
0.13	41	0.999995
0.235	9	0.998091
0.195	37	0.999293
0.485	30	1.00019
0.225	13	0.993997
0.2	52	0.999936
0.42	43	1.00004
0.38	133	0.999429
0.215	13	0.762658
0.405	21	1.36424
0.21	48	0.999976
0.49	104	0.598169
0.54	21	0.99697
0.205	99	0.999638
0.315	58	1.27697
0.235	43	0.99998
0.3	32	1.00101
0.215	73	1.00028
0.59	101	0.910417
0.27	57	0.997625
0.4	39	0.999948
0.35	7	0.558739
0.455	118	0.969963
0.275	109	0.99996
1.02	81	1.53171
0.995	57	1.00286
0.535	10	0.999759
0.12	35	0.999999
0.23	135	0.999993
0.225	7	0.99997
0.355	17	0.999988
0.235	7	0.973673
0.235	17	0.999668
0.455	14	0.55861
0.29	19	0.999083
0.255	156	1.01438
0.265	8	1.00064
0.51	10	1.0386
0.59	17	1.20124
0.375	44	0.999898
0.34	4	0.990702
0.855	8	0.878838
0.355	99	0.85376
0.31	89	0.989969
0.62	39	0.659813
0.79	60	1.1592
0.395	3	0.911087
0.295	80	0.72143
0.31	7	1.00888
0.175	25	0.99704
0.21	173	0.98955
0.18	11	0.994886
0.36	13	0.999907
0.945	35	0.99512
0.245	107	1.00254
0.605	28	0.999998
0.32	11	0.98317
0.275	57	0.856615
0.25	52	1.01683
0.12	81	0.999927
0.295	129	0.92262
0.28	84	0.823199
0.135	100	0.998456
0.935	30	0.199395
0.685	99	1.53914
0.355	34	0.998634
0.2	2	0.999985
0.455	91	0.807492
0.605	7	0.781024
0.435	4	0.923188
0.745	96	1.83462
0.9	191	0.97508
0.34	89	1.00034
0.185	29	1
0.19	75	0.999972
0.305	1	0.999864
0.33	64	0.999926
0.155	131	1
0.2	5	0.999399
0.305	73	0.999928
0.235	10	0.997084
0.095	449	0.999971
0.515	131	0.457593
0.205	22	0.99992
0.135	74	0.999794
0.21	32	1.24952
0.26	17	0.965637
0.49	39	0.998796
0.265	74	0.998392
0.265	25	1.00912
0.89	39	0.930035
0.665	115	0.368578
0.385	21	0.987602
0.205	121	0.996855
0.19	38	1.05255
0.285	13	0.997783
0.345	213	1.11428
0.26	144	0.970322
0.72	12	0.999997
0.265	160	0.995679
0.145	55	0.999376
0.39	58	0.998496
0.205	78	1.00073
0.165	32	0.999949
0.325	36	1.01168
0.4	72	0.999931
0.17	6	0.999349
0.21	82	0.999946
0.205	114	1.14913
0.435	217	0.978755
0.545	113	1.06589
0.39	118	0.993522
0.36	81	1.01414
0.47	243	0.998674
0.235	8	1
0.67	29	0.999958
0.32	10	0.961113
0.7	13	0.999987
0.15	29	0.975808
0.53	36	0.969246
0.165	71	1.00001
0.77	110	1.36682
0.475	36	1.21532
1.425	145	0.998992
0.25	36	0.999981
0.55	78	0.999939
0.6	40	1.16947
0.325	85	0.994616
0.46	4	0.991523
0.425	24	0.947941
0.35	57	1.00048
0.58	9	0.999962
0.245	60	0.999979
0.135	94	0.996887
0.1	117	1
0.225	33	0.999988
0.495	21	0.720571
0.395	149	1.00181
0.31	37	1.00025
0.245	52	0.966
0.175	29	1
0.85	202	0.207552
0.135	14	1.00007
0.13	90	0.999397
0.135	13	0.999979
0.34	52	0.999718
0.17	128	0.999568
0.205	121	0.99992
0.525	143	1.07532
0.345	109	1.00408
0.2	7	0.998829
0.45	130	0.759416
0.235	6	0.999993
0.22	30	0.999873
0.215	13	0.999415
0.2	79	0.999968
0.14	66	0.999873
0.32	42	1
0.43	13	0.998487
0.61	41	0.891632
0.19	52	0.997007
0.515	3	0.999758
0.15	20	0.999814
0.435	56	0.527095
0.26	15	0.953783
0.31	172	0.995393
0.43	14	0.98841
0.42	46	0.984458
0.565	9	0.876293
0.41	43	0.999958
0.675	77	1.26118
0.22	26	0.999998
1.325	137	1
0.175	97	0.996943
1.13	29	0.213186
0.215	279	0.999999
0.175	21	0.999712
0.51	36	1.1748
0.19	69	0.999076
0.445	40	0.996745
0.64	1	0.995178
0.395	84	0.997309
0.185	97	0.997824
0.225	88	1
0.375	87	0.954585
0.35	102	0.999837
0.59	18	0.999874
0.34	158	0.83527
0.245	60	0.971882
0.5	18	1.40499
0.35	23	0.999989
0.755	5	1.0108
1.05	59	0.986407
0.27	107	0.999433
0.175	160	0.999832
0.36	24	0.999715
0.2	36	0.999904
0.42	4	0.801784
0.625	52	0.999948
0.275	16	1.12767
0.43	43	0.736732
0.185	121	0.972771
0.51	34	1.13972
0.54	3	0.709757
0.125	35	1
0.285	124	1.0034
0.36	33	1.01619
0.35	4	0.995476
0.265	96	0.997368
0.315	51	0.999996
0.27	28	0.986585
0.14	125	1
0.315	26	0.998518
0.58	25	0.999916
0.27	89	0.997893
0.59	65	0.999985
0.715	45	0.822151
0.35	15	0.961238
0.205	8	0.999874
0.28	1	1.04225
0.555	25	1.44577
0.235	154	1.07201
0.245	49	0.99258
0.56	30	0.999961
0.155	161	0.997564
0.225	261	0.998676
0.44	61	0.995636
0.92	63	1.21422
0.99	72	0.989946
0.65	105	1.00028
0.37	32	1.00779
0.255	150	0.682646
0.345	31	0.999777
0.215	35	0.999488
0.57	24	0.99853
0.81	55	2.1687
1.1	65	0.635938
0.62	11	1.02241
0.295	40	0.988665
0.515	27	1.80273
0.18	160	0.878166
0.49	91	0.999927
0.58	6	1
0.605	25	0.992508
0.755	128	1
0.44	12	1.00164
0.37	47	0.99981
0.28	187	0.788551
0.29	39	1.05774
0.3	90	0.999123
0.185	17	0.999968
0.325	161	0.976053
0.37	67	0.986095
0.35	12	0.957174
0.455	20	1.00934
0.245	32	1.3167
0.25	32	1.00044
0.245	84	1.00003
0.335	27	1.00742
0.35	95	0.715519
0.69	167	1.24549
0.365	72	1.0392
0.285	11	0.998997
0.575	44	0.99995
0.39	104	0.999975
0.235	86	0.994946
0.325	109	0.998231
0.41	16	0.661819
0.33	29	1.00289
0.62	72	0.886563
0.54	1	1.00507
0.35	4	1
0.63	79	1.04549
0.165	10	0.998564
0.19	12	1.00186
0.75	46	0.848305
0.69	121	1.86964
0.295	162	1.05591
0.285	109	1.00005
1.295	9	0.570963
0.515	95	0.87503
0.26	52	0.999783
0.74	122	0.821581
0.27	34	0.99974
0.17	81	0.999994
0.19	54	0.988899
0.245	82	1.12987
0.475	213	0.999658
0.16	2	0.999995
0.515	33	0.999659
0.18	13	1.00359
0.305	35	1.02567
0.235	17	0.999811
0.83	157	0.999952
0.36	85	1.01395
0.285	69	0.999201
0.41	11	0.715943
0.44	5	0.742651
0.535	5	1.0006
0.36	28	1
0.51	133	0.766552
1.335	43	1.01
0.53	85	0.984655
0.27	37	0.998975
0.3	21	0.999997
0.405	3	1.87169
0.435	11	1.06503
0.36	61	1.00547
0.305	42	0.991621
0.34	21	1.09779
0.47	76	1.00354
0.31	29	0.998116
0.25	65	0.995108
0.285	145	1.0072
0.86	47	0.451586
0.245	9	0.999948
0.205	81	1.00054
0.18	15	1.00033
0.635	75	0.971848
0.53	112	0.260689
0.34	67	0.999899
0.465	168	0.999187
1.44	262	0.945862
0.755	2	1.33046
0.245	31	0.998067
0.25	64	0.999442
0.35	128	1.21752
0.205	202	0.999372
0.2	35	0.999912
0.67	10	0.989225
0.355	32	1.0001
0.155	60	0.999974
0.205	13	0.999998
0.48	16	0.728582
0.32	190	0.987619
0.195	10	1.00006
0.355	38	1.00094
0.72	46	1
0.275	272	0.945451
0.26	218	0.999954
0.37	27	0.94801
0.2	19	0.997691
0.325	3	0.598143
0.275	88	0.999982
0.37	52	1.00005
0.32	10	1.00001
0.33	134	0.994361
0.24	51	1.0049
0.18	125	1.00225
0.17	13	1
0.435	23	1.57255
0.355	99	0.903749
0.395	53	0.996005
0.245	167	0.992447
0.21	34	1.0008
0.39	4	0.961342
0.49	3	1.00258
0.255	15	0.9606
0.27	69	0.997467
0.225	9	1.12437
0.165	6	1.00156
0.205	62	0.999973
0.595	4	0.919155
0.28	12	0.963675
1.135	151	1.50209
0.17	169	0.998645
0.245	50	0.999997
1.59	40	0.72434
0.195	265	0.999196
0.55	2	0.985799
0.215	10	0.999003
0.395	1	0.999987
0.09	23	1
0.35	7	0.993288
0.335	112	0.507462
0.245	6	1.00836
1.19	15	0.308222
0.195	248	0.999988
0.265	56	0.895629
0.28	21	1
0.4	2	0.99994
0.195	17	0.981687
0.32	110	1.01792
0.235	10	0.99939
0.2	15	1
0.39	211	1.05201
0.35	55	0.99529
0.2	24	1.02181
0.37	37	0.969264
0.26	129	0.999998
0.455	1	1.039
0.325	17	0.997876
0.36	24	0.572516
0.25	24	0.991888
0.23	72	0.978881
0.21	34	1.00042
0.535	2	0.999112
0.39	5	0.610032
0.595	39	0.999883
0.77	14	1.0088
0.295	22	1.00036
0.23	85	1.14775
0.38	79	0.958391
0.615	118	1.23325
0.15	35	0.999991
0.545	63	0.900522
0.55	8	0.603141
0.4	42	0.998188
0.345	129	0.999818
0.37	54	0.980856
0.215	16	1
0.335	41	0.455449
0.44	2	0.705822
0.18	16	1
0.315	15	0.999991
0.49	15	0.837049
0.1	50	0.999948
0.45	26	0.999659
0.585	68	0.498039
0.265	20	0.939241
0.215	17	0.998324
0.33	9	0.996497
0.48	10	0.795055
0.58	20	0.36694
0.15	6	1
0.435	1	0.334075
0.455	18	1.00331
0.29	60	0.679907
0.29	34	0.991012
0.3	37	0.999886
0.365	32	1.04579
0.325	80	3.6172
0.325	60	1.00155
0.45	52	0.994788
0.24	30	0.999813
0.97	3	1.07662
0.465	2	0.997037
1.05	25	1.06896
0.555	37	0.9209
0.17	66	1
0.33	17	0.999288
0.19	225	0.999996
0.205	1	1
0.755	160	0.371098
0.285	27	0.997026
0.26	7	0.999924
0.27	18	0.985713
1.66	82	0.999703
0.34	10	0.975297
0.255	86	0.976884
0.32	26	1.00795
0.71	86	0.989934
0.455	56	0.992949
0.6	31	0.929328
0.465	81	1.11645
0.105	178	0.999968
0.385	38	0.902917
0.365	55	0.76979
0.325	19	1.00666
0.945	93	0.994794
0.365	98	0.581435
0.18	105	0.997918
0.255	93	0.998981
0.73	36	0.732509
0.37	15	0.830843
0.32	134	0.825345
0.77	13	0.445488
0.43	245	0.999476
0.265	60	1.00254
0.255	9	1.25079
0.4	259	0.82874
0.315	29	1.0009
0.2	38	0.999992
0.39	87	0.900266
0.345	40	0.998967
0.33	91	0.999968
0.315	69	1.00034
0.32	200	1.00958
0.39	29	1
0.74	1	1.0003
0.185	24	0.999958
0.395	5	0.657597
0.17	30	1.00137
0.15	19	0.997208
0.25	161	0.993767
0.415	1	1.00526
0.615	218	0.969225
0.76	68	1.00313
