0.35	44	1.04842
0.645	29	0.999862
0.26	16	1.00383
0.135	63	0.999778
0.295	6	0.998584
0.19	119	1.00035
0.475	42	0.997106
0.215	1	0.99766
0.26	101	1
0.36	70	0.999943
0.2	1	0.99793
0.12	30	1
0.145	10	0.999902
0.27	51	0.976003
0.84	14	1.03158
0.23	34	0.9995
0.36	61	1.00018
0.375	3	0.997642
0.23	115	1.02532
0.585	14	1.36204
0.665	43	0.957222
0.195	149	0.99986
0.475	10	1.00727
0.715	73	0.596865
0.8	225	0.997493
0.425	71	0.882324
0.18	18	0.999982
0.38	30	0.998732
1.07	51	0.261247
0.18	6	1
0.435	4	0.865928
0.43	3	0.777357
0.24	113	1.00262
0.25	151	0.994382
0.215	29	1.00103
0.865	10	0.990108
0.6	3	0.979805
0.55	30	0.992136
0.275	81	1.07045
0.345	132	1.0034
0.395	56	0.979078
0.625	170	0.397751
0.595	29	0.610392
0.25	59	0.999111
0.35	42	0.999993
0.32	41	1.13658
0.265	78	1
0.26	21	0.992539
0.335	119	0.999975
0.52	67	1.0049
0.32	16	0.962879
0.285	202	0.997865
0.16	105	1
0.39	38	1.00474
0.185	9	0.999806
0.385	58	0.999141
0.475	29	0.996696
0.225	15	1.13499
1.01	151	0.999322
0.265	2	0.994517
0.725	56	0.999721
0.745	18	0.887888
0.405	3	1.27611
0.5	13	0.577512
0.21	74	0.999573
0.51	50	1.00079
0.2	202	1.00005
0.31	15	0.999837
0.595	152	0.733616
0.275	13	0.998572
0.53	33	0.8944
0.305	44	0.999822
0.44	3	1.00285
0.365	17	0.999838
0.335	168	0.569643
0.45	18	0.573844
0.46	22	1.87077
0.385	40	0.825944
0.32	33	1.00138
0.165	34	0.998595
0.22	81	1.00509
0.305	36	1.00091
0.68	89	0.90604
0.65	13	0.447757
0.185	19	0.998144
0.57	28	0.709954
0.18	46	1.00018
0.17	11	0.997773
0.285	72	0.746109
0.245	79	0.99963
0.565	83	1.29156
0.115	102	1
0.295	48	0.999992
0.365	67	0.997863
0.9	24	0.987882
0.41	77	0.998109
0.31	35	0.99482
0.185	43	1
0.53	25	1.0008
0.365	78	0.999977
0.425	60	0.946476
0.38	22	0.986801
0.21	35	0.997926
0.305	4	0.994568
0.36	99	1.0364
1.125	15	0.999967
0.325	26	0.976538
0.185	8	0.991739
0.3	1	0.999813
0.4	53	0.996706
0.515	117	0.999169
0.245	34	0.997583
0.34	10	0.96777
0.675	105	0.929356
0.24	30	1.2276
0.335	135	0.988746
0.155	90	0.999999
0.215	197	1
0.42	40	0.562042
0.3	138	1.00087
0.675	49	0.983614
0.29	63	0.954786
0.415	336	0.596175
0.295	70	1.00663
0.75	5	1
0.22	11	1.00183
0.25	101	0.999344
0.49	69	1.00419
0.34	185	0.999536
0.635	20	0.999983
0.355	33	1.3802
0.535	46	1.00092
0.285	74	0.996895
1.225	20	1.1278
0.51	48	0.540444
0.23	135	0.999935
0.165	10	0.999722
0.295	30	0.800131
0.39	74	0.918494
0.24	101	0.997546
0.425	23	1.25271
0.375	15	1.00017
0.24	11	0.999535
0.23	72	1.001
0.67	36	0.999398
0.34	13	1.03022
0.33	83	0.99623
0.455	10	0.9998
0.53	56	0.996835
0.195	105	0.998919
0.135	278	0.999992
0.36	76	0.930184
0.145	64	0.999935
0.405	26	1.01069
0.43	39	1.01165
0.31	8	0.991701
0.19	20	0.999937
0.315	35	1.13429
0.275	110	0.88591
0.61	16	0.757216
0.325	2	0.988455
0.295	107	0.952886
0.22	9	0.999892
0.195	50	0.818434
0.505	32	0.305656
0.185	16	0.999512
0.27	53	1
0.185	59	1.0005
0.155	6	0.999961
0.435	146	0.997022
0.425	17	1.00956
0.165	188	0.99432
0.18	20	0.999983
0.51	17	0.999909
0.33	112	0.717134
0.215	1	1.00314
0.865	2	0.999937
0.295	17	1.00056
0.25	20	0.988309
0.325	7	0.999026
0.475	49	0.694579
0.905	351	0.999992
0.18	4	0.997667
0.5	67	0.99983
0.395	7	0.997744
0.265	16	0.999962
0.31	44	1.38657
0.43	22	0.982892
0.16	114	0.998715
0.75	166	0.995587
0.665	30	0.367991
0.555	35	1.00004
0.22	22	0.999899
1.43	5	1.0376
0.33	6	1.0037
0.25	27	0.999585
0.455	63	1.24643
0.845	105	0.359092
0.135	354	1.0095
0.225	30	0.996711
0.425	65	0.394978
0.225	1	0.999171
0.205	110	0.999999
0.17	39	0.997682
0.315	56	1.00217
0.415	20	0.860426
0.17	115	0.9999
0.835	20	1.48922
0.45	6	0.893879
0.28	28	1.01085
0.215	54	0.999174
0.12	9	0.999939
0.555	238	0.986274
0.195	24	1
0.165	16	0.999995
0.22	32	0.992769
0.815	20	0.999713
0.305	1	1.0617
0.39	78	1.0054
0.24	77	0.999983
0.845	31	0.999999
0.11	169	0.999479
0.355	59	1.00236
0.1	33	0.999999
0.32	11	1
0.3	154	0.999082
0.36	30	0.999997
0.33	10	1.69322
0.215	43	1.00019
0.2	62	0.999332
0.44	2	1.89244
0.2	2	1
0.3	154	0.999298
0.26	235	0.973924
0.19	79	0.999693
0.445	36	0.997033
0.55	14	0.983639
0.88	1	1.00085
0.335	34	0.913266
0.135	154	1
0.28	42	0.979904
0.205	40	1.00162
0.395	59	1.03851
0.665	57	0.994325
0.315	16	0.999901
0.26	136	0.974739
0.165	8	0.999708
0.24	125	0.999998
0.27	6	0.667246
0.215	118	1.00227
0.89	101	1.00518
1.2	38	0.990506
0.54	50	0.999491
0.34	27	0.999507
0.38	34	0.559671
0.19	20	0.999997
0.22	23	1.01023
0.4	20	0.999952
0.25	87	0.99951
0.9	28	0.995681
0.295	38	0.935693
0.08	48	0.999952
0.195	69	0.983713
0.295	184	0.999996
0.325	39	0.701219
0.31	73	0.986368
0.275	4	1.21495
0.155	12	0.999988
0.205	24	0.999107
0.165	5	0.9999
0.165	32	0.997754
0.52	103	0.969957
0.215	13	1.00599
0.44	22	0.999542
0.335	54	0.742485
0.265	32	1.01015
0.1	105	0.999998
0.405	20	0.999884
0.345	61	1.00024
0.265	25	0.976981
0.4	42	0.998906
1.16	75	0.993391
0.29	4	0.999998
0.785	40	1.03673
0.355	42	1.01294
0.255	15	1.0004
0.16	8	0.999953
0.435	152	0.99984
0.435	9	0.999894
0.2	150	0.999748
0.37	52	1.03025
0.18	11	0.999591
0.35	1	0.996823
0.265	364	1.00194
0.52	98	0.989925
0.235	17	0.999608
0.39	61	0.992896
0.995	36	0.671392
0.305	10	0.999696
0.465	70	1.00196
0.8	9	0.999958
0.43	29	0.995719
0.375	132	1.25283
1.045	29	1.01052
0.225	9	0.999956
0.35	9	1.0096
0.52	35	0.990555
0.5	109	0.396459
0.45	53	0.577959
0.7	110	0.194696
0.575	111	0.997752
0.965	214	0.958436
0.3	60	1.01728
0.365	33	1.00219
0.24	62	1.00009
0.7	46	1.5763
0.25	44	0.998625
0.21	101	0.999687
0.52	4	0.974754
0.59	171	0.723808
0.135	35	0.999987
0.335	55	1.00376
0.66	118	1.00176
0.56	32	1.00071
0.24	17	0.991073
0.295	20	1.00005
0.515	54	1.14605
0.715	2	1.00112
0.245	43	1.13919
0.495	1	1.21548
0.38	54	0.998853
0.46	11	1.00376
0.55	40	0.396464
0.665	3	0.87893
0.31	10	0.999757
0.22	15	0.985015
0.5	144	0.999999
0.195	57	1.00121
0.23	5	0.998868
0.115	69	0.999999
0.355	102	0.445907
0.155	60	0.999966
0.47	88	2.00664
0.49	80	0.975446
0.275	52	0.93678
0.19	62	0.985701
0.255	220	0.999967
0.37	105	1.3473
0.41	4	0.921261
0.405	12	1.00022
0.52	80	0.678074
0.57	16	0.999291
0.285	68	1.09507
0.255	162	0.99689
0.215	11	0.999724
0.31	12	0.741945
0.285	232	1.00045
0.35	61	1.41001
0.895	42	0.536071
0.525	49	0.756615
0.385	24	1.03382
0.24	313	1.00343
0.245	74	0.996533
0.15	41	0.999918
0.52	30	0.995875
0.36	32	0.949061
0.365	69	0.989055
0.165	121	0.999922
0.195	9	1.0027
0.325	113	0.620201
0.09	136	1
0.43	15	1.00823
0.205	122	0.999832
0.58	95	0.999546
0.51	132	0.976274
0.13	53	0.99996
0.255	43	1.00802
0.55	148	0.99637
0.33	5	0.753525
0.135	1	0.999955
0.18	17	0.999995
0.625	218	0.998912
0.7	55	0.207197
0.225	133	0.999339
0.26	10	0.999457
1	9	1.19081
0.56	16	0.999168
0.345	133	1.25606
0.36	139	0.976868
0.48	66	0.872972
0.495	3	1.02165
0.155	34	1
0.175	1	0.999589
0.22	100	1
0.275	86	1.29909
0.37	11	0.796992
0.3	32	0.993266
0.365	73	0.907457
0.23	14	0.999956
0.425	20	0.986303
0.665	3	1.6712
0.17	147	0.999996
1.115	8	0.999981
0.275	15	0.994966
0.13	103	0.999988
0.375	95	0.98594
0.26	4	1.00114
0.32	21	1.02967
0.14	9	0.998945
0.265	69	0.999556
0.26	48	0.999999
0.54	24	0.988194
0.275	13	0.879817
0.245	15	0.999591
0.25	84	0.999994
1.655	13	0.998351
0.235	17	0.9997
0.805	282	0.999605
0.4	35	0.997521
0.2	25	0.999968
0.465	25	1.16569
0.19	392	1.00163
0.91	5	1.00173
1.205	395	0.999998
0.77	40	0.999989
0.31	48	0.999968
0.19	12	0.999983
0.165	34	0.999842
0.59	76	1.18281
0.245	4	1.01067
0.285	8	1.01325
0.395	45	0.703757
0.245	89	0.730311
0.175	6	0.999995
0.29	38	0.999909
0.97	4	0.992184
0.74	63	0.860798
0.42	77	0.999785
0.575	201	0.999945
0.665	5	2.20704
0.41	58	0.968098
0.19	4	0.977526
1.55	2	0.998389
0.67	3	1
0.31	101	0.999993
0.335	14	0.999993
0.28	98	0.999995
0.19	240	0.999614
0.215	27	1.00035
0.665	101	1.00744
0.345	84	0.743639
0.34	133	0.974263
0.37	102	1.21913
0.17	83	0.996308
0.225	2	0.962809
0.2	10	1
0.455	13	0.973108
0.66	15	0.999238
0.445	21	0.998633
0.255	170	0.996547
0.205	75	0.999964
0.31	19	0.977
0.72	138	0.984107
0.17	46	0.997496
0.38	163	1.00039
0.525	5	1.43318
0.285	6	0.968026
0.665	23	0.125501
0.245	42	0.999549
0.45	99	1.00587
0.17	109	0.999152
0.18	4	0.998648
0.21	9	0.99956
0.815	62	0.730589
0.47	150	0.999459
0.64	1	1.1103
0.2	204	1
0.205	147	0.987655
0.29	119	1.00052
0.68	83	0.121503
0.175	55	1
0.345	38	0.999988
0.375	120	0.986683
0.5	102	0.993948
0.395	133	0.999919
0.385	4	1.00194
0.14	23	0.886315
0.16	48	0.999999
0.25	65	1.02508
0.49	69	1.59903
0.195	12	0.999854
0.695	73	0.64329
0.5	40	1.00107
0.54	1	1.00691
0.315	3	0.825159
1.29	5	0.99298
0.535	66	1
0.145	3	0.999473
0.26	101	1
0.51	2	0.649084
0.245	1	1
0.19	5	0.999413
0.53	59	1.00933
0.59	11	0.535951
0.525	43	1
0.415	174	0.999107
0.45	15	0.999003
0.235	64	0.999989
0.915	40	0.919393
0.22	161	0.998236
0.585	62	0.74601
0.175	3	1.12408
0.58	102	1
0.49	60	1.27844
0.36	37	1.0032
1.365	2	2.02284
0.35	4	0.998338
0.37	45	0.994272
0.5	17	0.997992
0.965	22	0.972219
0.405	18	0.892836
0.27	62	0.999994
0.43	33	0.533631
0.19	7	1.0117
0.195	62	0.999853
0.34	7	1.26447
0.855	32	0.777307
0.165	176	0.999884
0.38	73	1.08171
0.375	42	0.986224
0.145	48	0.999891
0.255	57	0.999135
0.205	39	0.997371
0.16	35	0.999788
0.3	3	1
0.26	13	0.998968
0.2	46	0.975544
0.185	16	0.997217
0.31	85	1
0.15	6	0.999984
0.295	80	1.00338
0.585	136	0.984622
0.395	58	1.01251
0.23	25	1.00458
0.25	12	1.00102
0.35	76	0.955295
0.47	194	1.00765
0.385	149	0.984318
0.845	46	1.00789
0.335	73	0.999984
0.21	190	0.999993
0.795	182	0.999185
0.26	62	1.11115
0.21	199	1.00137
0.545	35	0.680904
0.52	45	1.13173
0.16	31	0.999997
0.275	73	0.912523
0.24	157	0.999646
0.27	270	1.00055
0.14	101	0.999873
0.53	12	1.18009
0.34	15	1.00557
0.31	60	0.802501
0.585	94	1.98765
0.285	100	0.994568
1.375	21	0.999064
0.22	123	0.999972
0.195	60	1.00066
0.61	6	0.575125
0.255	90	0.999407
0.27	3	1.00006
0.29	28	0.856364
0.245	168	0.994024
0.72	98	0.996051
0.54	78	0.999595
0.27	44	0.999961
0.295	23	0.999913
0.105	45	0.999993
0.465	46	0.542091
0.14	63	0.999863
0.145	107	0.9999
0.19	63	1.01982
0.34	166	1.0002
0.575	17	1.20022
0.28	14	0.740185
0.255	253	0.998226
0.52	46	0.765475
0.34	27	0.999735
0.51	87	1.00001
0.295	101	0.83407
1.115	1	0.999523
0.24	16	1.00012
0.295	8	0.988997
0.15	52	0.999974
0.58	125	0.4922
0.66	35	0.502272
0.39	8	1.53879
0.47	117	1.30248
0.375	54	1.05754
0.55	18	1.27825
0.145	22	1.00033
0.195	30	0.999841
0.51	19	0.693686
0.385	35	1.05964
0.4	19	1.00311
0.29	39	0.999328
0.345	26	0.998964
0.355	27	0.970907
0.64	13	0.946154
0.315	63	0.995783
0.275	140	0.631276
0.21	3	0.99999
0.26	26	1.00714
0.2	12	0.995708
0.21	53	0.999983
0.2	3	1.02738
0.315	64	1.09566
0.465	35	0.622318
0.73	28	0.999632
0.19	56	1
0.28	4	0.99815
0.16	14	0.99822
0.46	31	0.999998
0.785	43	1.00609
0.175	64	0.998916
0.28	42	0.998107
0.49	22	0.992474
0.475	237	0.654632
0.49	116	0.99062
1.105	24	1.00158
0.52	76	0.999285
0.485	14	2.44406
0.39	11	0.986967
0.705	30	1.00391
0.265	100	0.999998
0.335	83	1.18612
0.235	76	0.999802
0.305	23	1.01677
0.27	3	1.09765
0.225	129	0.999893
0.35	127	0.999992
0.62	2	0.736043
0.455	78	0.605475
0.285	132	1.02537
0.245	45	1.00207
0.785	6	1.4498
0.33	26	1.00346
0.365	5	0.61118
0.35	54	1
0.175	21	0.99942
0.55	101	0.986051
0.62	75	0.852276
1.05	113	0.999998
0.83	166	0.948952
0.725	40	0.954821
0.705	44	0.163939
0.49	17	0.996397
0.355	16	0.996253
0.735	5	0.332903
0.33	3	1.0004
0.52	88	0.901422
0.24	29	0.973969
0.125	103	0.999915
0.305	188	1.00086
0.345	113	0.991456
0.16	8	0.998715
0.325	17	0.996525
0.67	32	1.00171
0.29	115	0.737499
0.285	101	1
0.435	45	0.998809
0.12	218	0.999898
0.88	52	0.999982
0.35	15	0.835543
0.42	42	0.701185
0.245	8	1.00159
0.18	126	0.999994
0.145	161	1.00001
0.31	55	0.998912
0.25	397	0.998336
0.425	258	1.09485
0.195	31	0.999843
0.41	27	3.21498
0.565	108	0.993259
0.26	85	1.33724
0.46	36	0.637046
0.475	7	0.978173
0.8	4	1.42275
0.155	3	0.999985
0.24	68	0.959501
1.005	28	0.7414
0.22	44	1
0.705	39	0.710635
0.46	47	0.534552
0.11	240	0.999976
0.33	49	1.49845
0.25	3	1.00167
0.615	159	1.08712
0.24	50	0.999879
0.29	101	0.999998
0.185	50	0.840393
0.435	73	0.92668
0.185	60	0.999898
0.86	35	0.222623
0.61	90	0.401935
0.295	77	1.00009
0.355	71	0.912569
0.205	34	0.999991
0.305	24	1.02896
0.15	30	0.99866
0.325	36	0.999998
0.19	82	0.999999
0.67	73	0.999957
0.505	32	0.956655
0.295	51	0.998745
0.505	4	1.16726
0.915	6	1.06402
0.925	24	0.992537
0.295	7	0.998287
0.335	18	0.999818
0.315	2	1.00006
0.18	175	0.999188
0.355	41	1.00027
0.28	2	0.999927
1.54	141	1
0.205	64	0.999025
0.6	19	0.998725
0.215	61	0.982928
0.2	57	0.999979
0.47	115	0.950362
0.29	13	0.998515
0.685	3	0.900658
0.49	62	0.342196
0.365	101	0.863232
0.13	1	1
0.285	17	1.41301
0.54	39	0.993225
0.365	29	0.847045
0.52	15	0.971882
0.39	41	0.999841
0.17	131	0.929394
0.22	41	0.998423
0.505	25	1.04624
0.3	87	0.678223
0.465	166	1.10082
0.3	72	0.969087
0.23	21	0.999346
0.215	12	0.995798
0.105	59	0.999872
0.665	25	0.8929
0.765	42	0.99963
0.23	4	1
0.3	72	0.997564
0.515	49	1.00068
0.395	20	1.00022
0.355	80	0.906363
0.21	158	1.00074
0.285	26	1.00005
0.285	1	1.41348
0.155	169	1.00604
0.22	7	0.999005
0.29	45	0.915685
0.375	109	0.820741
0.27	29	0.979533
0.275	11	0.997286
0.365	201	0.988121
0.255	8	0.985175
0.215	20	0.999829
0.425	15	1.02984
0.68	36	0.99674
0.41	104	1.02039
0.475	81	1.87761
0.365	5	1.00073
0.29	27	0.996857
0.3	56	1.00071
0.41	1	0.99974
0.32	8	1.02086
0.445	19	1.04838
0.95	14	0.999934
0.205	73	0.995908
0.445	76	0.999174
0.475	180	0.999996
0.215	177	0.866663
0.285	7	1.00223
0.305	53	0.820251
0.275	52	1.00046
0.155	29	0.999998
0.6	10	0.974568
0.355	8	0.994895
0.385	148	1.51175
0.23	22	1.50641
0.23	101	1.00705
0.415	20	0.405177
0.31	48	0.934582
0.69	8	1.00392
0.625	34	1.00091
0.425	13	0.412569
0.525	26	0.935969
0.295	21	0.9999
0.25	59	1.00127
0.205	143	1.00097
0.43	26	0.788285
0.485	58	1.00993
0.595	177	0.999985
0.595	10	0.999981
0.38	53	0.915812
0.175	63	0.998157
0.52	6	0.539902
0.135	64	0.999746
0.29	229	0.876815
0.815	22	1.00002
0.13	176	0.999999
0.76	48	1
0.535	16	0.999411
0.525	16	1.0005
0.2	13	1
0.66	56	0.99621
0.645	112	1.00398
0.34	42	0.920713
0.43	3	0.999916
0.35	33	0.999638
0.335	63	0.986386
0.245	11	0.994885
0.18	33	1
0.215	41	0.997492
0.18	48	0.999996
0.305	257	0.991881
0.25	86	0.999992
0.245	57	0.99911
0.345	76	1.34923
0.385	27	1.01389
0.71	54	1.00207
0.335	1	1.00324
0.175	90	0.999209
0.68	64	0.999931
1.46	4	0.985456
0.22	275	1.00242
0.28	56	0.999988
0.685	24	0.987465
0.215	52	0.999998
0.215	5	0.786751
0.585	19	0.974711
0.91	9	0.999583
0.215	18	0.999178
0.285	7	0.999984
0.2	42	0.993011
0.255	143	1.00009
0.765	124	0.779887
0.25	124	1.00468
0.305	111	0.996536
0.44	6	1.10323
0.24	100	1.03448
0.34	11	0.997781
0.345	29	0.797493
0.285	64	0.966938
0.19	99	0.99811
0.4	117	1.34186
0.275	236	0.996207
0.415	10	1.03015
0.125	66	0.999671
0.495	20	0.999465
0.26	69	1.15055
0.335	49	0.997225
0.32	83	0.999932
0.27	109	0.991276
0.815	84	1.02461
0.765	6	1.00586
0.59	22	0.999651
0.275	11	0.994942
0.19	29	0.99977
0.16	36	0.999994
0.28	82	0.998479
0.23	110	0.999113
0.185	41	1.0103
0.23	161	0.999754
0.16	135	1.01346
0.53	39	0.75903
0.325	44	1.00406
0.355	77	1.17801
0.21	199	0.99984
0.355	12	0.440665
0.435	25	0.998038
0.31	45	1.00594
0.51	4	0.928581
0.36	100	1.00147
0.27	13	0.79301
0.385	13	0.999517
0.235	37	1
0.275	24	0.999965
0.22	16	1.00018
0.475	17	0.746382
0.25	55	1.01057
0.2	10	0.999891
0.65	33	1.00238
0.375	90	0.946516
0.325	20	0.999998
0.5	263	0.999982
0.27	99	0.998058
0.16	23	0.999967
0.76	100	0.992993
0.42	5	1.00148
0.57	96	0.824439
0.48	46	1
0.29	29	1.00008
0.18	35	1
0.445	237	1.00022
0.25	12	0.990183
0.55	24	0.945159
0.55	8	0.999633
0.265	56	1.00051
0.33	59	1.08242
0.34	10	0.825075
0.185	10	0.988177
0.315	68	0.999998
0.385	63	0.999984
0.225	57	0.998835
0.235	17	0.974011
0.29	5	0.985347
0.37	14	1.00076
0.465	45	0.706729
0.18	2	0.999222
0.915	14	0.237182
0.175	290	0.999997
0.28	44	1.01946
0.27	63	0.990696
0.53	15	1.08762
0.435	53	1.01195
0.365	51	0.956078
0.205	7	1.00054
0.25	20	1.01569
0.725	14	1.49951
0.215	71	0.998922
0.525	28	1.03875
0.68	20	1.00024
0.19	2	0.999839
0.525	34	0.996617
0.175	105	0.999787
0.17	72	0.998385
0.385	29	0.848601
0.32	13	0.985249
0.29	1	0.99688
0.26	15	0.996489
0.83	108	0.116362
0.12	122	1.00033
0.23	108	0.998884
0.11	125	0.999982
0.195	116	0.999936
0.505	92	2.13981
0.27	1	0.963567
0.295	41	0.999062
0.34	9	0.60805
0.585	116	0.993815
0.2	35	0.999985
0.79	142	0.83906
0.305	60	1.24741
0.365	3	0.997567
0.475	55	1.21849
0.255	19	1.00139
0.29	30	0.862055
0.245	142	0.998475
0.41	134	0.978506
0.155	58	0.999657
0.355	11	0.999096
0.135	45	0.999735
0.375	14	1.02053
0.145	15	0.99932
0.425	69	0.927985
0.455	21	0.999899
0.4	173	0.79294
0.335	42	0.999925
0.43	154	0.999994
0.73	40	0.9995
0.195	13	0.999885
0.14	86	1
0.675	26	0.469446
0.135	38	0.999968
0.33	107	0.642877
0.335	41	1.25987
0.16	184	1.00121
0.265	23	1.00087
0.315	62	0.995587
0.26	8	0.956839
0.3	7	0.979103
0.34	47	0.990121
0.2	16	0.997524
0.805	112	1.28977
0.14	8	0.999683
0.24	219	1.01172
0.345	86	1
0.19	98	0.999993
0.34	217	0.9057
0.51	35	0.99684
0.46	214	0.997567
0.35	16	0.911546
0.615	57	0.986724
0.11	39	1.00004
0.625	75	0.997004
0.15	12	0.999969
0.355	77	1.00382
0.54	64	0.999986
0.45	1	1
0.405	1	0.999947
0.265	95	0.999324
0.235	31	0.999989
0.215	225	0.988554
0.635	40	0.459614
0.27	55	0.989088
0.555	62	0.997537
0.2	20	0.998469
0.26	39	1.00021
0.47	36	0.992995
0.3	169	0.831866
0.16	64	0.999974
1.085	72	1.35395
0.34	17	0.988797
0.765	55	0.995847
0.435	1	0.994788
0.2	24	1.00283
0.29	15	0.749705
0.33	2	0.999997
0.175	36	0.999809
0.165	41	0.999955
0.225	8	1.00211
0.69	61	0.667734
0.315	34	1.00249
0.515	9	1.00064
0.16	9	0.999537
0.385	4	0.999938
0.425	2	1.00076
0.185	9	1.00148
0.2	29	0.999861
0.465	280	0.880352
0.41	34	0.960559
0.295	38	0.999916
0.49	16	1.08852
0.44	37	0.973182
0.49	70	1.00074
0.185	89	0.999972
0.17	35	0.994755
0.355	21	0.714134
0.395	84	1.06459
0.195	4	1.01286
0.285	25	0.993724
0.295	39	0.988653
0.34	68	1.00497
0.205	95	0.999816
0.57	1	0.998204
0.28	221	1.00112
0.365	10	0.976019
0.195	113	0.999997
0.22	234	1.00001
0.545	24	0.978793
0.47	27	1.10939
0.13	113	1.00013
0.46	12	0.991974
0.455	15	0.999771
0.325	63	1.26066
0.3	28	1.00777
0.14	23	1
0.35	5	0.850166
0.255	37	0.999671
0.29	47	0.996256
0.26	247	0.999994
0.17	18	0.999994
0.42	32	1.21906
1.1	17	0.999994
0.585	145	1.11767
0.45	33	0.999258
0.815	84	0.636159
0.265	35	0.999998
0.555	29	1.03211
0.425	33	0.907342
1.26	6	3.35309
0.93	7	1.19765
0.265	6	0.998291
0.585	4	0.691694
0.23	90	0.999954
0.87	8	0.999929
0.51	170	0.668712
0.4	55	0.997379
0.285	8	1.00426
0.385	20	0.999693
0.49	41	1.4334
0.27	36	0.999972
0.23	68	0.999963
0.195	66	1.34022
0.425	37	1.01133
0.225	54	0.999975
0.74	49	0.775464
0.53	1	0.855734
0.215	60	0.977384
0.665	44	0.913681
0.215	86	0.993352
0.585	59	1.52899
0.205	35	0.9833
0.32	21	0.994767
0.555	1	1.06381
0.45	26	0.787239
0.28	65	0.999991
0.185	256	0.999998
0.15	41	1
0.16	5	0.99987
0.235	220	1.00005
0.205	49	0.999825
0.15	45	0.999918
0.325	3	0.972478
0.215	14	0.999078
0.185	75	0.996963
0.21	51	0.999999
0.165	35	0.999862
0.43	21	1.0109
0.205	33	0.999983
0.19	18	1.00014
0.345	148	0.993015
0.525	72	1.01098
0.33	13	1
0.9	19	0.99998
0.545	9	0.999996
0.69	143	1.0418
0.26	19	0.995212
0.38	25	1.00016
0.295	91	0.999991
0.955	105	0.999975
0.18	2	0.993933
0.32	39	1.49841
0.455	149	0.84665
0.395	27	1.00589
0.29	101	0.999994
0.185	71	0.998378
0.155	4	0.999824
0.28	73	0.999733
0.525	27	0.999758
0.25	101	0.999884
0.325	91	0.99758
0.29	33	1.00022
0.415	22	0.53278
0.93	191	1.15984
0.535	15	0.720169
0.35	9	0.988312
0.285	11	0.999823
0.215	4	0.999995
0.22	9	1.00098
0.27	51	0.986493
0.78	27	0.999393
0.2	11	0.995541
0.305	21	1
0.315	44	1.00559
0.635	70	0.999991
0.765	1	0.609186
0.255	173	0.995558
0.285	104	0.79588
0.255	78	0.973787
0.445	3	1.08921
0.23	1	1.00075
0.48	22	0.975445
0.34	25	0.99088
0.545	5	0.752057
0.55	27	0.964286
0.475	49	0.941273
0.205	10	0.984153
0.435	66	1.00418
0.285	7	1.04595
0.445	53	0.767783
0.36	54	0.996127
0.645	73	1.00546
0.25	29	1.00159
0.15	38	0.998078
0.115	1	0.999999
0.41	43	0.955858
0.21	12	0.999814
0.31	165	0.851188
1.225	36	0.999984
0.21	46	0.996566
0.215	10	0.970268
0.445	107	1.10117
0.145	167	1
0.73	6	0.979944
1.465	32	0.988295
0.38	49	0.999996
0.13	19	0.999978
0.425	45	1.08116
0.29	59	1.00438
0.31	31	1.47557
0.285	33	0.887098
0.43	114	1.00348
0.56	119	0.89554
0.295	9	0.999997
0.155	110	0.999994
0.62	4	1.74468
0.265	46	1.00301
0.32	74	0.984254
0.415	18	1.02724
0.31	23	0.978235
0.565	54	0.806921
0.295	46	1.06217
0.275	75	0.997073
0.61	12	0.979746
0.525	63	0.999953
0.465	14	0.96093
0.535	45	0.897334
0.21	67	0.998659
0.585	53	0.743548
0.72	3	0.992971
0.28	40	0.991901
0.19	65	0.999908
0.835	19	0.386391
0.13	12	0.999993
0.18	24	0.998741
0.26	17	0.997693
0.215	169	1
0.85	152	1.69575
0.975	108	1.01093
0.41	48	0.995105
0.405	73	0.995797
0.395	12	0.71998
0.42	19	0.999924
0.605	256	0.98234
0.71	167	0.999395
0.425	12	0.999054
0.21	110	0.996324
0.495	2	0.989388
0.74	101	0.402749
0.975	33	0.964728
0.23	157	0.986329
0.18	186	0.986659
0.35	11	0.960797
0.645	15	0.962092
0.365	13	1.00046
0.235	7	0.919064
0.61	113	0.99017
0.195	1	1
0.47	29	0.871148
0.425	67	0.994634
0.265	11	0.998831
0.5	111	0.801589
0.155	29	1.00123
0.345	16	0.998792
0.175	74	1
0.36	205	1.00314
0.295	116	0.998849
0.385	68	1.00537
0.18	246	0.997858
0.27	39	1
0.51	57	0.734149
0.535	23	1.03946
0.28	27	0.956401
0.875	5	0.324871
0.21	39	1.00066
0.795	3	0.998605
