0.54	25	0.999801
0.435	123	0.997262
0.21	266	0.99887
0.605	72	0.999809
0.49	5	0.997591
0.27	23	0.997573
0.375	52	0.992256
0.27	7	0.987787
0.65	79	0.391401
0.33	123	1.01442
0.305	4	1.00415
0.545	15	0.643913
0.755	32	0.999577
0.3	110	0.999958
0.83	43	0.999738
0.415	60	0.996439
0.23	68	1.00529
0.79	52	0.97742
0.325	4	0.992645
0.2	130	0.999879
0.115	56	1
0.76	84	0.991186
0.515	186	1.0117
0.225	51	0.999097
0.52	14	0.999904
0.37	18	0.809963
0.32	3	0.999691
0.17	33	0.99488
0.23	108	0.999988
0.36	111	1.60311
0.605	3	0.999992
0.62	13	0.999606
0.395	180	1.07435
0.73	13	0.999051
0.72	22	1.02212
0.48	42	0.289932
0.36	20	0.7948
0.4	20	1.01603
0.555	15	0.999923
0.23	25	0.998587
0.34	79	1
0.3	59	1.00282
0.25	182	1.00046
0.335	35	1.00507
0.3	38	0.654022
0.485	10	1.14297
0.235	3	0.999999
0.67	33	0.812645
0.235	32	1.00505
0.195	9	0.99983
0.37	3	0.999925
0.45	7	1.14195
0.255	62	0.999816
0.165	68	0.999997
0.2	46	0.985546
0.175	33	0.999811
0.17	40	0.999978
0.34	49	0.69697
0.46	48	1
1.515	2	0.978652
0.255	132	0.999968
0.34	11	0.996132
0.325	6	1.04021
0.51	121	0.377843
0.195	32	0.999987
0.26	33	0.99961
0.345	24	0.956716
0.39	43	0.99989
0.235	60	0.99909
0.6	9	0.56864
0.645	48	1.01954
0.34	135	0.624605
0.815	26	0.821245
0.215	29	0.998424
0.47	27	1.0007
0.21	1	0.988137
0.335	60	0.736184
0.36	133	1.11104
0.185	3	1.00019
0.135	71	0.999482
0.54	80	0.432824
0.3	104	1.00369
0.185	37	0.998709
0.445	29	0.840415
0.965	109	0.715406
0.1	21	0.999741
0.73	91	1.00872
0.52	11	0.999999
0.225	48	0.998089
0.37	40	0.944005
0.175	52	0.999553
0.48	39	0.999903
0.235	29	1.00026
0.195	16	0.989912
0.745	20	0.999179
0.22	224	0.999757
0.225	17	1.00016
0.405	112	1.02848
0.22	13	1
0.495	49	1.02538
0.4	145	1.00046
0.49	70	1.09177
0.17	20	1
0.325	27	0.96005
0.255	5	0.999993
0.25	79	0.982549
0.295	135	0.999901
1.46	79	0.999955
0.305	43	0.999993
0.67	3	1.33402
0.735	197	0.998044
0.195	465	0.999932
0.3	3	0.974005
0.41	2	0.999998
0.165	89	0.999982
0.6	14	0.999986
0.24	202	0.906678
0.165	107	1.0122
0.25	19	1.02861
0.13	67	0.999988
0.495	281	0.999996
0.265	98	0.957093
0.305	59	0.693535
0.31	50	0.707786
0.475	28	0.999953
0.37	26	0.999518
0.685	37	0.865338
0.775	16	0.994115
0.2	9	0.999939
0.36	24	0.979249
0.44	117	1.67276
0.52	63	1.00227
0.445	70	0.569157
0.205	38	0.981638
0.23	14	0.997469
0.49	15	0.991267
0.3	26	0.980568
0.355	72	0.936146
0.395	61	0.999963
0.32	201	0.988401
0.61	44	1.00611
0.18	52	0.999424
0.22	155	0.998576
0.385	47	1.01482
0.78	7	0.884256
0.21	11	0.999924
0.31	225	1.01447
0.08	76	1
0.115	23	0.99967
0.785	48	1.0155
0.52	126	1.00001
0.335	24	0.996418
0.245	2	1.00221
0.555	99	0.54409
0.13	5	1
1.59	28	0.990882
0.28	142	0.999973
0.155	46	0.999993
0.185	51	0.99949
0.35	97	0.965406
0.19	14	1.00684
0.36	92	0.960594
0.235	123	0.987812
0.35	20	1.00205
0.295	27	0.886238
0.46	180	0.781351
0.41	83	0.998976
0.365	21	0.806989
0.155	9	0.999432
0.665	28	0.378147
0.285	126	0.993848
0.305	127	0.998489
0.295	26	0.999995
0.435	242	1.00013
0.29	50	0.613785
0.35	37	0.949358
0.34	12	1.0034
0.605	10	0.518282
0.1	24	0.999993
0.255	38	1.37627
0.325	53	0.98385
0.965	17	0.999651
0.995	136	0.999309
0.27	152	0.99977
0.545	313	0.953454
0.35	235	0.971973
0.34	140	1.00078
0.15	9	1.00002
0.225	75	0.999989
0.21	56	0.999391
0.205	37	0.999887
0.765	132	1.00121
0.135	17	0.999994
0.2	10	0.996027
0.385	48	1.15209
0.735	18	0.99767
0.26	78	0.821006
0.15	9	1
0.34	190	1.00234
0.525	1	1.07446
0.32	13	0.999636
0.34	22	0.998013
0.375	18	0.953322
0.35	98	1.49746
0.14	46	1
0.42	9	0.683488
0.46	69	0.997622
0.24	16	0.999289
0.26	68	0.996947
0.3	29	1.00245
0.15	5	0.998704
0.185	120	0.999791
0.19	56	0.999902
0.11	22	0.999994
0.45	105	0.998025
0.44	57	0.933548
0.14	10	0.999941
0.175	10	0.998756
0.37	40	0.858203
0.365	6	1.00094
0.305	111	0.940818
0.61	12	0.817569
0.31	89	0.998654
0.16	89	0.999978
0.215	117	0.996677
0.16	4	0.999967
0.11	56	0.99999
0.61	15	0.999686
0.335	9	0.644787
0.515	137	1.03898
0.265	49	0.996758
0.5	65	0.686944
0.145	72	0.99921
0.2	61	0.99982
0.15	2	0.999285
1.48	11	1.52754
0.27	39	0.998869
0.185	180	0.999861
0.79	118	0.943537
0.215	70	0.994097
0.24	9	0.998995
0.305	23	0.758878
0.1	97	0.999995
0.54	60	0.945722
0.835	79	0.999873
0.415	13	1
0.26	37	0.999946
0.63	44	1.1881
0.32	3	1.0033
0.345	39	1.012
0.34	12	0.99982
0.335	32	1.00081
0.525	46	0.919905
0.375	187	0.79769
0.205	44	0.987669
0.185	10	1.0102
0.45	17	1.00141
0.445	13	0.998241
0.415	4	1
0.43	21	0.882682
0.17	58	1.00022
0.48	49	1.18416
0.405	18	0.988965
0.27	34	0.997031
0.285	11	0.940042
0.335	7	0.99999
0.44	167	1.14715
0.845	2	0.99952
0.435	41	0.983868
1.025	10	1.00019
0.2	239	0.989041
0.16	13	1.00002
0.26	40	0.909016
0.12	106	0.999864
0.12	24	0.999992
0.3	127	0.999989
0.29	10	0.999768
0.3	155	0.998915
0.345	1	0.992661
0.39	2	1.01017
0.205	9	0.994133
0.225	241	0.999086
0.185	163	0.999992
0.255	30	0.809981
0.295	95	0.996927
0.6	40	0.999933
0.22	42	0.999708
0.505	90	0.223651
0.195	58	1
0.255	42	0.983801
0.14	13	0.999914
0.59	37	1.00893
0.305	43	1.00026
0.235	28	0.999986
0.595	67	0.999966
0.225	11	0.998439
0.73	81	0.676403
0.34	67	1.00089
0.19	27	0.998661
0.255	111	0.999494
0.3	60	0.998255
0.17	166	1.00052
0.16	40	0.999953
0.385	93	0.996929
0.41	145	0.708772
0.18	21	0.999792
0.255	37	0.999728
0.375	54	1.00035
0.285	47	0.961598
0.42	6	0.993981
0.315	49	0.879728
0.355	22	1.07229
0.475	41	0.81359
0.27	51	0.996436
0.77	3	0.999852
0.485	87	0.981249
0.19	24	1.00464
0.715	47	0.978068
0.74	50	0.997535
0.63	74	0.672655
0.48	199	1
0.475	133	0.836258
0.32	72	1.0031
0.245	69	1.00567
0.175	6	0.999989
0.215	252	0.999054
0.375	6	0.995204
0.3	119	0.999211
0.385	106	0.997059
0.265	70	0.999996
0.545	182	1.50398
0.225	4	0.997341
0.235	31	1.00322
0.2	95	0.999835
0.34	91	1.00017
0.175	98	0.999985
0.42	30	1.24328
0.405	67	0.886569
0.35	27	0.806259
0.87	34	1.12275
0.26	12	1.11948
0.28	56	0.999991
0.115	43	1
0.385	93	0.99249
0.2	9	0.999141
0.225	9	0.999992
0.495	12	2.56103
0.115	22	0.999999
0.205	101	0.999805
0.405	37	1.00019
0.28	40	0.986194
0.345	10	0.883279
0.655	102	0.999922
0.485	13	0.599541
0.445	12	0.851716
0.35	113	1.00583
0.24	62	0.999993
0.42	77	0.9999
0.28	42	1.01635
0.28	144	1.0001
0.305	162	1.00011
0.645	42	0.979124
0.31	48	0.999856
0.335	45	0.723666
0.15	10	0.999955
0.225	104	0.999894
0.435	85	0.973505
0.24	5	1.02433
0.26	1	0.985301
0.205	139	0.999524
0.14	15	1.00073
0.415	13	0.999984
0.51	24	1.00905
0.155	158	0.999988
0.35	101	1.285
1.26	37	1.06842
0.45	39	0.780149
0.545	35	0.999985
0.315	104	1.02618
0.335	17	0.998928
0.2	45	0.999996
0.155	49	0.998172
0.655	26	1
0.285	101	1.5429
0.46	140	0.987265
0.24	51	1.00482
0.285	13	0.982195
0.22	35	0.99851
0.215	22	1.00601
0.18	20	0.999909
0.2	64	1.01
0.455	3	0.999944
0.48	186	0.585896
0.52	33	0.825628
0.22	53	0.998804
0.105	3	0.999911
0.295	13	1.0064
0.25	179	0.997569
0.125	43	0.99988
0.2	153	0.997537
0.875	120	0.976751
0.285	48	0.986611
0.4	16	0.999306
0.41	68	0.782237
0.535	8	1.77264
0.135	11	0.99995
0.15	11	0.999886
0.445	75	0.987003
0.6	113	0.379641
0.205	17	1.00757
0.255	43	0.992564
0.535	13	0.897192
0.24	20	0.995457
0.745	112	0.461078
0.41	95	1.01487
0.18	2	0.999981
1.875	70	0.995896
0.245	187	0.997088
0.53	35	0.894128
0.365	50	0.999586
0.195	42	0.834138
0.24	40	1.00824
0.42	121	0.997507
0.18	102	0.940405
0.12	15	0.999928
0.45	67	0.757372
0.86	56	0.975187
0.225	4	0.993758
0.79	46	0.983982
0.395	23	0.99727
0.43	56	1.15941
0.355	35	0.997118
0.23	42	0.999467
0.49	31	0.998039
0.41	75	0.989064
0.785	15	0.969329
0.3	51	0.999963
0.235	49	0.999964
0.165	61	1
0.4	32	0.99887
0.195	32	0.992955
0.235	41	0.970122
0.345	145	1.06744
0.335	103	0.709095
0.33	10	0.998214
0.29	181	1.03511
0.48	6	0.677134
0.975	41	1.01112
0.895	54	0.999983
0.28	12	1.00031
0.43	203	1.0051
0.11	36	0.999998
0.47	66	0.998938
0.235	157	0.999999
0.225	17	1.00234
0.32	141	0.999959
0.405	27	1.79559
0.465	101	0.999194
0.435	68	0.994184
0.305	27	1.00074
0.185	54	1.0001
0.505	139	0.772948
0.82	28	1.00658
0.285	49	0.9773
0.39	11	0.986165
0.225	127	0.997081
0.345	13	1.68956
0.71	49	1.00144
0.27	84	0.987805
0.255	45	0.99085
0.195	75	1
0.72	54	1.10445
0.19	5	0.999943
0.29	18	1
0.13	70	0.99989
0.225	23	0.99975
0.45	9	0.999951
0.295	33	0.937784
0.97	8	0.998549
0.46	7	1.01829
0.225	31	1.00064
0.42	48	1.30618
0.33	24	0.998258
0.38	10	1.00154
0.375	49	0.999342
0.38	240	0.348172
0.41	17	0.999157
0.305	145	0.999984
0.55	140	1.01088
0.305	12	0.997105
0.34	204	0.999908
0.2	87	0.989525
0.335	9	0.952227
0.51	20	0.664552
0.345	275	0.99604
0.205	40	1.00281
0.605	238	0.737145
0.29	97	1.0224
0.665	20	0.999882
0.235	53	1.01025
0.335	102	0.988377
0.52	48	1.05396
0.2	112	1.00008
0.385	163	0.999962
0.31	13	0.993244
0.985	92	0.693114
0.57	56	0.953188
0.2	53	0.999973
0.29	1	1
0.265	8	0.99989
0.595	54	0.999263
0.215	89	0.999599
0.41	10	0.999774
0.2	41	0.999993
0.375	224	0.581246
0.205	62	1.00286
0.3	30	0.9938
0.295	59	0.998458
0.94	69	0.467226
0.27	11	0.827988
0.275	77	0.992887
0.28	23	0.999628
0.215	21	0.999812
0.305	18	0.999993
0.675	2	0.999949
0.31	57	1.00312
0.44	36	1
0.36	7	0.84484
1.43	89	0.999966
0.26	45	0.997725
0.215	8	1.00158
0.2	9	0.999899
0.095	252	1
1.14	7	1.0058
0.255	97	0.988262
0.4	9	0.99768
0.565	21	0.890768
0.275	20	0.544538
0.31	90	0.995609
0.225	15	0.998826
0.25	285	0.800611
0.46	221	1.17975
0.72	11	0.0361131
0.46	28	2.21412
0.345	111	0.985044
0.14	19	1.00001
0.23	134	0.999986
0.135	19	1
0.29	34	0.999836
0.355	168	0.670909
0.425	90	1.10879
0.275	100	1.26039
0.485	73	0.138137
0.33	41	1.00135
0.125	72	0.999533
0.43	55	1.00111
0.3	44	0.999835
0.16	77	1
0.375	52	1.00475
0.19	37	1
0.285	48	1.18547
0.32	87	0.999959
0.135	15	0.999999
0.595	25	0.88316
0.455	17	0.955605
0.335	13	1.00298
0.275	17	0.997109
0.465	32	1.00261
0.265	99	0.998305
0.755	112	0.997268
0.285	72	0.986479
0.19	125	0.999736
1.33	161	0.999954
0.325	273	1.08145
0.36	67	1.00015
0.28	6	0.999844
0.475	32	0.809048
0.585	7	0.581085
0.23	59	0.954876
0.17	145	0.999994
0.305	28	0.999052
0.16	56	0.997526
0.44	8	0.790435
0.25	8	0.951414
0.37	179	1.00043
0.565	2	2.05164
0.195	40	0.998599
0.265	18	1.00895
0.265	46	0.999731
0.445	161	0.996778
0.195	86	0.999693
0.295	55	0.999355
0.225	25	0.985674
0.21	13	0.999997
0.665	24	0.999992
0.22	35	0.995522
0.385	72	1.01117
0.465	21	0.972078
0.475	49	0.999996
0.26	73	0.990048
0.365	45	1.00024
0.345	333	0.924728
0.18	229	1
0.165	136	0.998294
0.225	2	0.998961
0.445	85	0.996635
1.01	48	0.95572
0.2	17	1.04037
0.4	1	0.97507
0.235	20	1.00272
0.205	152	1.0002
0.425	5	1.00433
0.365	20	0.996207
0.35	82	0.999831
0.445	47	0.999974
0.505	36	0.56173
0.23	1	0.997229
0.39	55	0.995627
0.385	142	0.941267
0.27	37	0.995548
0.215	9	0.982933
0.85	3	0.986401
0.4	1	1.00097
0.43	39	0.576415
0.45	9	0.99945
0.795	33	0.999282
0.28	160	1.00224
0.135	22	0.999988
0.35	113	0.999929
0.385	8	0.969728
1	3	0.981513
0.295	74	0.957871
0.44	8	1.37363
0.37	69	0.993924
0.44	29	1.00824
0.195	5	0.998104
0.32	27	0.999999
0.815	5	0.993815
0.405	6	0.984622
0.165	24	1
0.425	10	1.00009
0.305	139	0.999957
0.235	6	0.997187
0.175	60	0.999918
0.34	25	1.10169
0.235	125	1.0004
0.375	40	0.983634
0.645	59	2.15535
0.335	50	1.17917
0.325	59	0.997106
0.295	243	1.00499
0.56	7	0.841707
0.295	42	1.02335
0.475	85	1.02017
0.405	8	1.05944
0.19	96	1.00001
0.2	118	0.995234
0.31	29	1.00071
0.27	151	1.19009
0.325	141	0.998626
0.145	149	1.00017
0.81	47	0.275486
0.59	16	0.999151
0.2	60	0.99995
0.37	89	0.991549
0.625	17	0.999986
0.185	8	0.995174
0.675	68	1.23559
0.855	16	0.730685
0.46	108	0.872944
0.575	70	0.998632
0.155	94	0.999983
0.32	68	0.999641
0.22	53	1.09542
0.315	25	0.949474
0.105	50	0.999974
0.235	11	0.977085
0.28	54	0.999686
0.405	2	1.14409
0.635	22	0.99946
0.24	10	0.998985
0.52	54	0.704826
0.41	40	0.996833
0.46	54	0.987806
0.17	47	0.999674
0.21	3	0.999412
0.245	17	0.943617
0.245	3	0.997837
0.17	111	1.00044
0.225	46	0.997438
0.34	7	0.998432
0.27	149	0.76275
0.27	73	0.994932
0.29	31	1.15538
0.715	104	0.933093
0.375	39	1.00916
0.255	9	0.998556
1.115	47	0.993389
0.575	105	0.822351
0.345	113	0.999928
0.53	5	0.99239
0.285	29	0.990496
0.225	28	1.01416
0.325	134	1.44623
0.39	17	2.24075
0.355	16	0.671209
0.375	44	0.999912
0.16	204	1
0.38	1	0.999634
0.375	95	1.00025
0.26	104	0.990894
0.315	119	0.983038
1.15	8	1.0851
0.46	100	0.999007
0.43	108	0.676713
0.195	135	1.00002
0.51	67	1.12182
0.555	45	1.9043
0.135	47	1
1.9	30	0.991879
0.175	49	0.999269
1.6	19	0.999221
0.98	5	2.27917
0.26	129	0.998594
0.645	2	1.00258
0.385	36	0.99723
0.355	10	1.0002
0.22	23	0.999958
0.485	163	1.20859
0.265	142	1.63558
0.215	87	0.99971
0.535	40	0.99721
0.275	16	0.992662
0.285	26	0.999951
0.79	26	1.09102
0.3	76	1.00208
0.46	14	1.00041
0.585	3	0.958451
0.81	46	1.81293
0.43	2	0.945443
0.28	39	0.996656
0.345	3	0.70469
0.2	41	0.997931
0.39	48	1.166
0.35	294	0.996541
0.47	5	1.35075
0.225	70	0.999997
1.18	5	1.00447
0.35	35	0.798028
0.13	69	1.00172
0.32	63	0.999463
0.245	112	1.00188
0.685	98	1.06131
0.755	10	1.23061
0.32	6	0.899323
0.375	8	1.03341
0.375	63	0.999276
1.395	64	1
0.285	12	0.997686
0.345	88	0.999982
0.655	55	0.999969
0.265	45	0.990475
0.345	17	1.02625
0.12	28	0.99995
0.56	79	0.981122
0.395	63	0.971758
0.43	25	0.99922
0.585	45	0.685343
0.205	9	1.00051
0.345	19	0.784073
0.38	14	0.869185
0.31	7	0.972295
0.365	5	1.00514
0.525	72	0.96328
0.4	50	1.00778
0.15	58	0.99992
0.265	207	0.995606
0.215	47	1.00005
0.365	71	1.0016
0.54	24	0.99847
0.44	33	1.00656
1.055	11	1.08066
0.24	43	0.999947
0.345	99	0.995936
0.27	190	0.998361
0.43	53	0.979045
0.185	12	0.998187
0.175	136	0.999922
0.475	270	0.916204
0.29	129	0.992912
0.165	61	1
0.695	9	0.858306
0.18	31	1.01759
0.43	31	1.56964
0.25	307	0.999983
0.19	2	0.999992
0.405	4	0.999912
0.375	73	1.28096
0.195	24	0.769665
0.145	8	0.999276
0.61	27	1.00077
0.31	86	0.995022
0.245	53	0.983863
0.58	208	0.999925
0.28	31	0.667211
0.4	82	1.35236
0.145	55	1.00072
0.66	64	1.00032
0.375	76	0.996047
0.435	51	0.466712
0.305	29	1.04247
0.27	7	0.999956
0.315	3	0.557373
0.355	7	1.00003
0.45	72	0.983097
0.22	3	0.8066
0.3	14	0.212509
0.795	7	0.999517
0.265	50	0.986754
0.605	91	0.998443
0.4	97	0.999998
0.935	51	1.00076
0.405	94	0.946907
0.38	40	1.24732
0.11	70	0.999998
0.28	25	0.414326
0.23	3	0.999995
0.26	36	1.30551
0.25	42	0.999754
0.5	27	0.998858
0.475	108	0.678791
0.46	14	0.999807
0.235	67	0.999498
0.24	41	0.999931
0.19	137	0.999263
0.26	33	0.993268
0.315	37	0.767789
0.175	67	1
0.615	6	1.00135
0.535	21	0.999203
1.92	70	1.07018
0.42	11	0.981806
0.16	53	0.989009
1.055	43	0.989763
0.29	70	0.998754
0.55	82	1.00538
0.19	32	0.99154
0.445	153	0.989947
0.18	15	0.998533
0.14	64	0.999968
0.46	4	1.00293
0.215	48	0.996754
0.735	130	0.982481
0.44	32	0.993778
0.43	37	0.994585
0.175	54	0.999144
0.25	128	0.991272
0.175	170	0.999993
0.26	86	0.997001
0.71	4	0.971087
0.715	1	1.10266
0.4	38	0.999984
0.38	30	1.08746
0.575	38	0.999404
0.575	8	0.998376
0.31	40	0.982427
0.6	184	0.978068
1.08	16	0.999744
0.215	21	0.994242
0.22	1	0.995979
0.49	13	0.999361
0.295	20	1.00033
0.5	106	0.974028
0.195	8	0.991001
0.405	123	0.853179
0.44	4	0.999899
0.275	47	0.999831
0.265	87	0.986544
0.195	12	1.00003
0.745	220	0.889071
0.955	2	0.999976
0.445	36	0.955007
0.345	60	1.00043
0.395	6	0.999964
0.265	157	0.994569
0.105	30	0.999974
0.285	3	0.749212
0.28	20	1
0.335	6	0.793879
0.185	65	0.999994
0.495	27	1.76415
0.54	3	0.99997
0.185	136	0.999999
0.4	2	0.518355
0.44	79	0.676174
0.235	201	0.999578
1.74	24	0.999809
0.575	6	1.62528
0.36	14	0.934258
0.43	2	0.92716
0.53	17	0.999828
0.265	28	0.9997
0.575	128	0.9622
0.185	53	1.00359
1.025	29	0.292312
0.215	47	0.979124
0.22	10	0.999929
0.38	20	1.08082
0.245	126	0.998809
0.445	22	1.26508
0.5	60	0.551469
0.26	104	0.999983
0.84	19	0.619743
0.415	29	1.01312
0.485	20	1.0066
0.435	122	0.984271
0.29	16	0.914995
0.115	63	1
0.355	168	0.975399
0.445	39	0.827442
0.25	13	1.53376
0.2	45	0.999995
0.18	64	1.00587
0.265	58	0.999999
0.3	9	0.995717
0.62	44	0.944973
0.19	2	0.999546
0.37	19	1
0.16	42	0.99954
0.345	2	1.13775
0.385	54	0.952759
0.77	18	0.999606
0.195	23	0.999955
0.245	22	0.998526
0.15	66	1.07747
0.345	54	0.986911
0.75	206	0.946145
0.195	87	1.00034
0.63	48	0.992739
0.695	11	0.71119
0.5	71	0.981883
0.2	112	1.00011
0.34	8	0.864334
0.285	40	0.99782
1.08	7	1.00223
0.55	10	0.999732
0.155	72	0.999984
0.225	74	1.00155
0.61	5	0.464342
0.615	167	0.994039
0.56	28	1.17528
0.105	36	0.999937
0.45	22	0.75084
0.26	140	1.00073
0.19	21	0.999956
0.59	4	0.780478
0.375	36	1.00389
0.23	119	1
1.6	20	0.999988
0.84	140	1.2537
0.255	133	0.973386
0.46	110	0.982837
1.19	87	0.998353
0.13	18	0.999971
0.485	243	0.993225
0.485	85	0.944309
0.29	56	0.961508
0.315	15	1.23461
0.62	60	1.00243
0.28	4	1.03239
0.2	47	0.999976
0.235	144	0.999951
0.265	87	0.999683
0.565	82	0.486523
0.395	43	0.999123
0.415	50	0.999802
0.51	10	2.02102
0.235	22	0.99901
0.5	7	0.993921
0.16	61	0.999877
0.175	38	0.999988
0.235	51	0.990343
0.355	185	1.04072
0.27	29	0.992619
0.255	25	0.991842
0.51	39	1.13013
0.215	18	0.998077
0.315	30	0.990967
0.17	363	0.999693
0.39	72	2.94152
0.37	62	0.953475
0.595	22	0.989696
0.415	48	0.998901
0.4	30	0.990965
0.255	46	0.816088
0.515	70	0.806622
0.225	186	0.994048
0.185	7	0.988277
0.19	69	0.99991
0.175	22	0.98795
0.73	5	1.00153
0.16	1	0.999995
0.405	51	0.994601
0.21	55	0.869676
0.4	100	0.999845
0.21	43	1.05063
0.73	51	0.882313
0.26	78	0.999979
0.365	17	0.990098
0.305	38	1
0.255	29	1.00508
0.225	16	0.999769
0.29	20	0.706806
0.165	44	0.998684
0.5	211	1.01517
1.11	111	0.9209
0.245	40	1.19136
0.495	91	1.26825
1.54	66	1.11022
0.395	386	0.978091
0.435	15	0.783819
0.195	4	0.999927
0.34	71	0.994329
0.385	6	0.994707
0.445	38	0.842229
0.175	27	0.994512
0.265	63	0.999993
0.425	5	0.964606
0.19	217	1.00786
0.34	116	0.857476
0.245	183	1.00062
0.36	65	1.0132
0.495	81	0.919947
0.3	52	1.00044
0.425	4	1.01393
0.255	162	0.973647
0.27	20	0.99939
0.475	35	1.17281
0.47	30	0.938528
0.28	11	0.995325
0.19	61	0.99189
0.74	65	0.999374
0.325	160	1.02693
0.845	30	0.998428
0.26	42	1.04441
0.43	103	0.989281
0.465	23	1.01761
0.165	265	0.994795
0.215	2	1
0.875	48	0.125336
0.685	87	1.07537
0.75	10	1.19983
0.415	118	0.7287
0.185	43	0.999966
0.205	54	0.999859
0.095	48	1
0.29	142	1.00078
0.345	17	0.989302
0.73	32	0.700562
0.215	52	0.855096
0.375	86	0.999998
0.32	11	1.0188
0.22	84	0.999979
0.345	44	0.99987
0.535	60	0.412942
0.145	12	0.999881
0.145	5	0.999999
0.52	38	0.625605
0.38	10	0.999987
0.48	123	1.38083
0.615	47	0.742228
0.305	30	0.719149
0.275	35	0.995871
0.215	125	1.16304
0.315	17	1.01519
0.395	95	1.02653
0.435	122	0.885626
0.24	8	0.998737
0.325	28	0.740826
0.325	64	0.925787
0.31	88	0.999979
0.24	4	0.995512
0.645	134	0.999966
0.815	209	0.995934
0.33	30	1.00192
0.24	62	0.997227
0.32	123	0.933849
0.245	34	1.00381
0.53	5	0.506373
0.26	15	0.999987
0.645	40	0.80105
0.345	80	0.998744
0.325	19	1.0227
0.5	3	0.993667
0.47	122	1.00133
0.665	69	0.971078
0.15	137	0.99973
0.24	56	0.999139
0.4	54	0.998915
0.315	14	0.992825
0.62	37	1.25306
0.26	159	1.08533
0.295	48	1.28536
0.41	20	1.0152
0.41	197	0.999755
0.36	4	0.986182
0.33	79	1.00164
0.265	4	0.760201
0.295	47	0.954212
0.385	40	0.997219
0.26	8	0.999999
0.34	95	0.852245
0.18	128	0.996079
0.245	49	0.998459
0.57	124	1.36306
0.205	21	1.00021
0.205	41	0.999999
0.18	2	1
0.305	30	0.970692
0.43	1	0.772631
0.17	34	0.999324
0.275	8	0.999924
0.345	5	1.02299
0.555	11	0.844906
0.51	14	0.859987
0.195	24	0.995813
0.155	62	0.999961
0.28	82	0.999716
0.595	64	0.970548
0.155	154	0.999886
0.405	40	0.805886
1.005	2	0.978217
0.245	15	1.25405
0.22	10	0.997593
0.135	3	0.999926
0.475	133	1.0042
0.355	32	0.593038
0.295	23	0.894852
0.255	4	0.999999
0.39	15	1.115
0.225	44	0.999627
0.3	59	0.994865
0.18	24	0.997082
0.265	12	0.987776
0.51	28	0.621461
0.43	14	0.98469
0.155	7	0.999817
0.21	129	0.959909
0.465	18	0.845189
0.285	131	1.0009
0.21	15	0.886298
0.415	8	0.969284
0.82	51	1.0086
0.35	35	1.09437
0.205	33	0.999987
0.225	173	0.992275
0.84	42	2.10392
0.71	1	0.987734
0.185	88	0.999321
0.34	31	0.999927
0.22	20	0.99686
0.54	16	1.17123
0.165	36	0.999742
0.36	63	0.999676
0.34	7	0.997398
0.885	134	0.988755
0.59	110	0.340953
0.505	31	0.997089
0.19	118	0.999365
0.555	3	0.108416
0.33	96	0.994899
0.175	76	0.999165
0.705	49	0.776858
0.155	46	0.999802
0.345	31	0.999929
0.235	9	0.997374
0.15	32	0.999977
0.415	53	0.960896
0.255	49	0.987936
0.605	94	0.999815
0.83	62	1.00126
0.2	10	0.999784
0.39	45	1.30024
0.39	24	1
0.575	42	0.994618
0.475	81	1.00293
0.43	75	0.999963
0.51	31	1.0009
0.935	35	1.28787
0.425	219	0.999989
0.205	14	0.99704
0.41	17	0.999772
0.325	16	0.963675
0.465	32	0.999883
1.185	14	0.996321
0.405	76	0.999758
0.235	50	1
0.805	25	1.05675
0.315	35	1.00532
0.3	8	0.829641
0.265	32	0.999995
0.48	32	1.00202
0.185	25	0.999708
0.32	105	1.00415
1.01	8	0.996947
0.125	4	0.999997
0.26	18	0.999965
0.35	25	0.999969
0.46	46	1.00033
0.405	68	0.860931
0.215	90	1.00385
0.19	114	0.997464
0.475	56	0.912472
0.28	67	0.999554
0.265	16	0.999139
0.755	135	0.999941
0.51	24	0.995872
0.375	117	0.998691
0.185	39	0.999989
0.78	7	1.13831
0.28	65	0.996355
0.865	32	0.999859
0.41	77	1.08515
0.2	26	0.999997
0.205	74	0.999978
0.25	50	0.999003
0.26	27	0.998865
0.58	184	0.951597
0.175	137	1.00001
0.265	50	0.996365
0.235	8	0.998933
0.36	28	0.992021
0.685	4	0.676921
0.41	69	1.05261
0.45	47	0.994065
0.28	8	1.00019
0.245	11	1
0.66	35	0.0807075
1.005	2	1.00139
0.53	50	1.00732
0.27	3	0.99917
0.26	4	1.00023
0.31	54	0.99981
0.245	116	0.998803
0.15	13	1.00003
0.27	11	0.999988
0.25	1	0.99729
0.27	55	0.800364
0.29	21	0.984432
0.305	30	1.00001
