0.345	7	0.998446
0.445	58	0.897388
0.35	117	1
0.255	34	1.00141
0.62	7	0.715586
0.25	36	1.17537
0.32	80	0.999992
0.45	151	0.992679
0.42	41	1.01512
0.26	4	0.989121
0.215	168	1.00263
0.39	10	1.02509
0.235	16	1.00011
0.235	11	0.995849
0.95	25	0.995819
0.33	104	1
1.37	2	0.999862
0.235	56	1.08595
0.12	1	0.999999
0.48	46	0.983347
0.08	4	1
0.405	174	1.00023
0.285	14	0.9999
0.625	122	1.00442
0.7	20	0.994601
0.35	132	0.998971
0.275	18	0.97522
0.6	62	0.999991
0.375	19	0.999548
0.205	389	0.997729
0.23	41	1.00321
0.215	32	1.00382
0.515	37	0.0844222
0.245	123	0.999082
0.35	14	0.642551
0.41	4	0.999999
0.25	237	1
0.455	8	0.993582
0.215	22	1.00123
0.335	92	0.99751
0.335	21	1.10002
0.26	154	0.975916
0.405	9	0.992062
0.145	11	1
0.45	111	0.780614
0.21	65	1.00039
0.155	3	0.999898
0.625	47	0.996844
0.425	36	0.429896
0.35	24	0.999116
0.14	96	0.99994
0.32	89	0.999105
0.525	36	1.11081
0.34	28	0.998771
0.315	62	1.00107
0.335	12	1.01773
0.195	32	0.999945
0.115	160	1
0.15	77	0.999999
0.56	303	0.369137
0.22	17	0.99463
0.36	40	1.7281
0.245	39	0.97842
0.33	154	0.999702
0.41	6	0.921176
0.51	108	1.46763
0.23	5	0.999965
0.215	62	0.999984
0.245	13	0.999061
0.18	44	0.999992
0.22	63	0.998568
0.22	19	0.998832
0.735	27	0.96339
0.22	76	1.00356
0.555	46	5.9034
0.295	189	0.934946
0.245	29	1
2.31	2	0.988028
0.375	103	0.985605
0.59	64	0.978521
0.225	29	0.998638
0.385	51	0.99727
0.215	155	0.999248
0.55	40	1.8594
0.415	3	0.518507
0.255	95	0.999854
0.33	63	0.951513
0.54	86	0.999376
0.64	14	1.13957
0.275	27	1.05393
0.28	28	0.966359
0.25	47	0.908965
0.66	17	0.999826
0.495	56	1.72633
0.465	2	1.02332
0.335	346	1.02996
0.085	70	0.999999
0.215	40	0.999894
0.495	52	1.03352
0.265	100	0.999997
0.625	183	0.999446
0.59	2	0.988977
0.445	22	0.62603
0.19	69	1.00038
0.215	127	0.999984
0.21	20	0.992348
0.14	8	0.826558
0.18	10	0.998959
0.115	86	0.999903
0.75	1	1.00017
0.365	12	1.49814
0.305	11	1.00022
0.36	2	0.960675
0.205	62	0.999967
0.455	6	0.955343
0.19	67	0.999996
1.105	42	0.0451369
0.315	79	1.00018
0.995	12	0.988796
0.14	2	1
0.28	2	0.999851
0.4	2	0.88136
0.54	8	1.51655
0.265	38	0.999956
0.135	11	0.999998
0.2	98	0.997849
0.37	34	1.34373
0.525	37	0.999556
0.27	138	0.999955
0.405	13	0.988999
0.185	52	0.99989
0.46	2	0.988095
0.6	281	1.02348
0.45	90	0.996859
0.595	74	1.00198
0.22	33	1.00257
0.2	19	0.995466
0.495	19	1.08118
0.385	5	1.00097
0.43	180	0.98792
0.195	27	0.999877
0.23	30	0.993747
0.435	43	0.99857
0.245	93	1.00144
1.04	8	0.999994
0.575	51	1.32333
0.245	14	1.27827
0.21	32	1.00586
0.375	105	0.989924
0.325	3	0.98852
0.22	11	1.02586
0.745	7	0.934694
0.51	37	0.303625
0.3	12	1.13273
0.21	69	0.989702
0.81	57	1
0.545	37	0.75732
0.115	65	0.999999
0.14	45	0.999252
0.19	181	0.999713
0.285	45	0.998161
0.3	55	1
0.26	38	1.1289
0.45	29	0.992042
0.365	27	0.999634
0.535	205	0.938212
0.34	103	1.00633
0.34	7	0.994059
0.23	44	1.00292
0.695	112	1
0.255	254	1.0077
0.715	28	0.0933393
0.335	38	0.983492
0.46	68	0.998233
0.535	2	0.94564
0.295	43	1.01222
0.49	37	0.998739
0.24	75	0.811508
0.325	5	0.994535
0.46	145	1
0.39	4	0.984415
0.25	53	1.01217
0.345	1	0.999425
0.605	37	0.999993
0.285	6	1.00199
0.25	16	0.996114
0.335	332	0.998138
0.365	48	0.999972
0.785	2	1.8652
0.3	235	0.981862
0.7	100	1.01194
0.39	19	0.999184
0.635	31	0.998401
0.35	158	0.82264
1.03	117	0.447225
0.325	54	0.99944
0.505	36	0.999994
0.35	40	0.999979
0.95	25	0.999999
0.69	112	0.987278
0.5	50	10.0521
0.125	55	0.999968
0.42	59	0.942309
0.38	65	0.982602
0.71	61	1.00015
0.615	3	1.78042
0.135	50	1
0.345	29	0.935296
0.295	4	1.01112
0.49	57	0.999281
0.495	104	0.632579
0.31	20	1.00286
0.585	14	1.11422
0.165	66	0.999994
0.215	42	0.999824
0.21	13	0.998044
0.395	127	0.907117
0.155	69	1
0.265	104	2.11939
0.345	30	0.98031
0.23	142	0.999941
0.43	28	1.1792
0.605	18	0.999966
0.67	89	0.769608
0.615	195	0.259794
0.435	7	0.80045
0.42	31	2.26955
0.195	53	0.999158
0.31	20	0.999616
0.415	134	0.998873
0.37	39	1.45024
0.43	20	0.999992
0.16	161	0.999783
0.585	88	0.999999
0.41	48	0.816514
0.215	24	1
0.255	24	0.997296
0.235	13	1.00075
0.415	44	0.999867
0.345	21	0.943381
1.115	5	0.765564
0.23	8	1
0.265	12	1.00133
0.625	11	0.967469
0.775	1	1.00404
0.135	27	0.999999
0.22	6	1.00107
0.815	141	0.955833
0.27	22	0.971205
0.255	110	0.997837
0.23	53	0.998281
0.325	19	1.02403
0.17	9	0.999525
0.53	253	0.808693
0.275	5	0.999442
0.355	1	0.981939
0.29	59	1.00018
0.23	103	0.9891
0.205	63	1
0.24	75	1.00505
0.635	55	0.741758
0.435	11	0.875831
0.14	98	0.999927
0.86	89	0.986011
0.375	74	0.724076
0.135	142	0.999979
0.455	38	0.951905
0.29	276	0.999999
0.16	174	0.999663
0.5	376	0.995384
0.36	50	1.07654
0.485	52	0.74424
0.4	3	1.60181
0.805	157	0.850009
0.53	31	1.02158
0.265	66	0.969989
0.21	147	0.998763
0.355	276	0.999995
0.36	89	0.724276
0.245	87	1.00021
0.485	32	1.24159
1.195	278	1.00479
0.205	36	0.999814
0.195	21	0.999994
0.355	42	0.988495
0.305	29	1.01332
0.235	83	1.00002
0.6	31	0.999748
0.275	17	0.603582
0.11	27	1
0.28	31	1
0.865	52	0.29113
0.25	7	0.999995
0.235	30	0.997552
0.37	97	0.988091
0.54	44	1.00558
0.46	21	1.02374
0.515	4	0.998816
0.175	17	0.999999
0.14	14	0.999938
0.225	12	1.02572
0.425	2	0.993493
0.475	99	0.718916
0.45	9	1.008
0.47	46	1.28944
0.25	16	0.997996
0.45	109	0.947711
0.15	56	0.999976
0.315	31	0.99998
0.1	7	0.999934
0.41	154	1.00127
0.225	87	0.999538
0.145	11	0.999989
0.435	27	0.952258
0.315	25	1.05157
0.46	111	0.553807
0.265	82	0.999953
0.15	7	0.999998
0.32	20	0.847852
0.29	10	0.998349
0.52	86	1.00171
0.395	7	0.805843
0.33	12	0.999618
0.245	26	1.00025
0.84	37	0.999993
0.31	33	0.819128
0.575	7	0.494934
0.405	137	0.999963
0.31	12	0.989195
0.35	82	0.999928
1.215	55	1.00012
0.26	17	0.996465
0.54	39	0.810426
0.215	40	1.00052
0.635	1	1.68034
0.29	109	1.00021
0.305	28	0.94501
0.28	48	0.997736
0.51	57	0.952923
0.36	35	0.99933
0.14	66	1.00085
0.235	89	0.998933
0.245	20	1
0.18	148	0.999986
0.275	6	0.999998
0.29	40	1.17383
0.465	52	0.781367
0.795	103	0.999919
0.205	50	0.487021
0.245	12	0.997546
0.51	52	0.803509
0.31	35	0.915323
0.405	132	0.736831
0.395	27	0.967022
0.195	227	0.992693
0.41	162	1.03275
0.18	16	0.999986
0.36	3	0.872919
0.215	10	0.994806
0.59	2	0.974786
0.355	10	0.998188
0.355	15	0.997822
0.775	11	0.999995
0.31	22	0.979685
0.715	38	0.601225
0.295	61	1.28993
0.35	6	0.999147
0.9	32	0.99958
0.855	123	0.874377
0.495	67	1.00662
0.515	17	0.290677
0.27	15	1.01854
0.19	24	0.992594
0.175	60	0.999279
0.31	58	0.999959
0.375	57	0.897404
1.175	50	0.999969
0.22	81	0.996778
0.335	12	0.999868
0.16	26	1
0.41	117	1.0018
0.515	126	1.00058
0.415	70	1.31297
0.255	10	1.00004
0.425	1	0.999875
0.585	69	0.155151
0.205	50	0.999438
0.44	33	1.57755
1.095	24	1.07416
0.625	51	1.00166
0.15	188	1
0.35	75	0.999731
0.77	102	2.78525
1.015	30	0.999999
0.595	111	1
0.355	51	0.999889
0.155	47	0.998113
0.33	34	0.890332
0.265	6	0.998251
1.01	80	0.999101
0.315	78	0.999253
0.545	47	0.995767
0.36	48	0.970453
1.04	19	0.92847
0.305	35	0.993555
0.475	155	1.00349
0.39	4	0.987876
0.355	72	0.999796
0.145	25	1.00004
0.27	1	1.00001
0.25	47	0.995832
0.32	34	0.98074
0.575	60	0.883668
0.12	43	0.999994
0.865	9	0.942535
0.635	17	0.83372
0.51	110	1.00032
0.17	8	0.999999
0.165	50	0.999984
0.385	97	0.988475
0.23	37	1.00088
0.225	36	0.999379
0.75	180	0.76249
0.31	13	0.998561
0.39	119	0.999964
0.55	7	1.01391
0.16	13	0.999651
0.335	34	0.999953
0.295	127	0.998897
0.225	129	1.00375
0.6	120	1
0.195	2	1.00198
0.35	147	1.01372
0.32	1	0.999996
0.45	70	1.28767
0.42	81	1.05138
0.255	103	1.2815
0.975	1	1.01177
0.26	38	1.01926
0.4	52	0.999728
0.335	68	0.999927
0.62	80	0.999943
0.295	133	0.999941
0.225	55	0.993482
0.13	84	0.982116
0.76	34	1.00072
0.77	3	0.295298
0.22	89	0.999935
0.32	30	0.979845
0.335	55	0.896238
0.295	1	0.988765
0.35	66	1.22552
0.84	129	1.17202
0.335	43	0.996531
0.28	21	1.00175
0.265	25	0.996547
0.49	59	0.994819
0.155	29	0.999982
0.6	193	0.68359
0.23	81	0.988995
0.53	48	0.708758
0.15	32	0.999862
0.14	46	0.999961
0.415	126	1.00094
0.13	10	0.99955
0.205	91	0.998978
0.245	82	0.999969
0.205	7	0.99527
0.21	28	0.998769
0.61	182	1.1042
0.265	35	1.00775
0.165	58	0.999991
0.395	67	1.00343
0.13	69	0.999801
0.465	113	0.99611
0.295	47	0.996819
0.29	12	0.974563
0.57	1	0.999998
0.745	91	0.868228
0.385	5	1.28211
0.305	73	0.973289
0.255	65	0.988172
0.45	144	0.99982
0.29	10	1.02248
0.57	64	0.661035
0.675	76	1.03751
0.285	16	1.02136
1.275	1	1.08215
0.445	38	0.99892
0.15	120	1.01192
0.43	18	0.999213
0.375	70	0.997067
0.815	17	0.999055
0.2	100	1.01528
0.295	56	0.97069
0.25	161	0.854714
0.15	55	0.999711
0.355	28	1.00827
0.5	65	0.99621
0.335	16	0.946478
0.205	35	0.99998
0.345	231	1.02121
0.125	5	1
0.59	15	0.585647
0.9	31	0.999638
0.515	119	1.00095
0.22	9	0.997937
0.175	30	1
0.315	156	0.992798
0.395	1	0.437936
0.255	12	0.953001
0.115	68	1
0.175	158	0.997135
0.29	104	0.999991
0.225	179	1.00428
0.4	4	0.996055
0.485	120	1.06436
0.145	70	0.998321
0.77	21	0.99718
1.105	77	0.989301
0.44	96	0.987198
0.365	60	0.999998
0.245	43	0.999968
0.17	34	1.00034
0.3	23	0.892074
0.52	81	0.990759
0.365	52	0.999937
0.165	127	0.999976
0.475	8	0.649521
0.265	18	0.999996
0.475	86	0.986222
0.195	44	0.987057
0.18	21	0.997458
0.135	2	0.999719
0.365	4	1.04837
0.16	13	0.999994
0.425	14	0.999987
0.145	43	0.999999
0.46	5	0.955366
0.135	77	0.999999
0.25	36	0.999935
0.625	157	0.998171
0.145	38	0.996025
0.755	6	0.999721
0.345	134	0.97768
0.185	45	0.998317
0.24	71	1.00549
0.635	280	0.2095
0.6	1	0.577805
0.67	19	0.998112
0.885	6	0.981801
0.38	32	0.948106
0.265	18	1.00267
0.475	107	0.997957
0.135	129	0.999969
0.395	4	0.410996
0.31	102	0.998822
0.385	82	1.00001
0.27	99	1.00052
0.265	90	0.99984
0.215	27	1.00067
0.6	30	1.02332
0.17	20	0.99997
0.295	84	0.995046
0.265	53	0.995261
0.295	87	0.996485
0.505	198	1.27234
0.535	12	1.01716
0.62	4	1.35039
0.28	4	1.00051
0.225	13	0.998974
0.335	217	0.993718
0.18	12	1.00003
0.25	104	0.999996
0.265	21	1.28608
0.425	141	1.0694
0.25	30	0.999998
0.265	123	1.00334
0.28	8	0.999779
0.435	46	0.599772
0.29	14	1
0.2	82	0.999999
0.26	62	0.954009
0.28	20	0.998924
0.45	4	0.999882
0.225	9	0.99969
0.29	97	1.04081
0.245	58	0.99512
0.43	125	1.11511
0.235	11	0.999857
0.245	12	1.36727
0.22	9	0.999992
0.25	48	0.954561
0.19	27	0.999911
0.255	89	0.812498
0.64	75	0.962517
0.43	7	0.988791
0.38	37	0.741063
0.345	25	0.999992
0.28	135	0.997164
0.815	13	0.86697
0.47	37	0.99895
0.14	36	0.999923
0.51	13	1.40114
0.865	67	0.997999
0.115	45	0.999993
0.22	71	1.00047
0.28	64	0.99965
0.3	37	0.989373
0.455	83	1.1613
0.11	18	1
0.115	116	1
0.34	48	0.738889
0.335	16	1.00002
0.435	85	1.00055
0.245	135	0.8667
0.155	22	0.999194
0.545	15	2.19082
0.135	6	1.00003
0.625	77	0.11695
0.34	5	0.987361
0.48	44	1.00343
0.245	120	1.04874
0.185	31	1.00198
0.215	40	1.01448
0.43	30	0.997316
0.3	3	0.560342
0.265	245	1.00051
0.285	73	0.994399
0.735	38	0.591977
0.135	5	0.999927
0.49	214	0.710131
0.38	66	1.01632
0.39	7	0.999131
0.355	13	0.950317
0.425	28	0.981985
0.105	57	0.999996
0.165	64	0.999753
0.39	55	1.52235
0.37	18	0.998876
0.315	71	0.998475
0.475	32	0.988085
0.2	100	0.999695
0.72	4	0.561348
0.295	3	1.00097
0.41	24	0.999966
0.49	2	0.996869
0.21	85	1.00001
0.54	3	0.541833
0.19	13	0.999802
0.65	17	0.933835
0.39	147	0.997214
0.12	54	0.999187
0.505	39	0.2914
0.465	16	1.00169
0.94	224	1.00047
0.2	6	0.999968
0.345	29	1.00363
0.825	1	0.660902
0.205	17	0.986848
0.275	129	1.15574
0.5	26	0.991793
0.515	37	0.999968
0.345	12	0.794879
0.23	54	1
0.135	136	1
0.145	44	0.999992
0.515	87	1.03015
0.45	14	1.00019
0.505	27	0.78149
0.195	125	0.999936
0.815	45	1.00036
0.41	1	0.999983
0.16	73	1.03288
0.3	103	0.511509
0.18	51	1.00185
0.36	4	1.00035
0.375	65	0.926285
0.34	5	0.961087
0.34	171	1
0.87	33	0.998549
0.2	62	0.999977
0.395	34	1.01812
0.275	32	0.999017
0.44	34	1.12806
0.815	74	0.975286
0.35	35	0.994242
0.33	73	0.96953
0.265	85	0.999429
0.34	4	1
0.195	12	1.00651
0.53	8	0.999543
0.52	47	1.13575
0.12	163	1
0.17	20	0.999821
0.27	10	0.999979
0.275	31	1.03982
0.28	17	0.999739
1.105	42	0.999932
0.39	53	0.99369
0.24	55	0.998837
0.2	54	0.999988
0.32	41	0.998677
0.895	22	0.407061
0.33	26	0.998819
0.705	49	1.79489
0.435	201	1.11931
0.34	29	1.01011
0.495	20	1.0163
0.195	74	0.999844
0.245	70	0.99744
0.31	13	0.632584
0.27	60	1.47853
0.23	66	0.832052
0.53	159	0.612149
0.3	21	1
0.45	79	0.999974
0.545	9	1.0098
0.295	40	0.999973
0.425	23	1.25741
0.5	97	0.998856
0.295	3	1.00111
0.195	20	0.992341
0.365	81	0.9999
0.13	68	0.999928
0.31	222	0.999701
0.23	117	1.00029
0.355	7	1.00162
0.23	54	1.02772
0.49	22	0.97221
0.665	25	1.00202
0.34	1	0.999999
0.79	175	0.999762
0.335	84	0.999982
0.35	17	0.996619
0.45	21	0.630763
0.395	12	0.999996
0.41	82	1.00048
0.48	9	1.00127
0.2	1	1
0.125	31	0.999999
0.745	169	0.998277
0.27	15	1.00055
0.435	195	1.22513
0.13	12	0.999979
1.135	10	1
0.215	158	0.993941
0.25	12	0.999046
0.23	48	0.999581
0.33	129	0.835885
0.185	32	0.999917
0.545	14	0.904242
0.735	22	1.00023
0.66	171	0.982446
0.315	52	0.999982
0.26	7	0.998877
0.62	54	0.997933
0.29	36	1.00006
0.325	14	1.00019
0.405	12	0.981622
0.645	41	0.993941
0.18	7	0.999116
0.79	84	0.999082
0.305	53	0.920654
0.435	87	0.992392
0.295	33	0.984015
0.98	63	1.00119
0.545	37	0.969211
0.945	30	0.541868
0.405	59	0.999925
0.9	175	0.997474
0.19	42	0.998293
0.335	83	0.988048
0.31	10	0.997292
0.255	277	0.993384
0.48	10	1.00541
0.32	7	1.26036
0.515	42	1.00021
0.565	20	1.00104
0.19	78	1.00045
0.275	79	1.43675
0.255	184	0.999367
0.215	33	0.997398
0.56	43	1.00014
0.65	113	1.00485
0.165	145	0.99999
0.425	65	1.0023
0.145	2	0.999986
0.275	100	0.999937
1.22	44	1.45246
0.22	36	0.999961
0.21	83	0.81667
0.155	13	1.00009
0.205	55	0.994269
0.845	262	0.96452
0.39	17	1.00295
0.21	30	1.00002
0.285	33	0.967764
0.53	2	0.999208
0.45	36	1.0127
0.9	12	0.995499
0.775	66	0.999484
0.935	28	0.185632
0.27	144	1.00024
0.345	44	0.990346
0.545	48	0.807227
0.49	4	0.971613
0.225	11	1.00294
0.25	107	0.997185
0.24	6	1
0.975	14	1.00111
0.31	73	0.998186
1.32	100	0.0625918
0.3	10	0.995978
0.23	10	1.09958
0.475	11	1.00107
0.165	213	0.999996
0.265	117	1.01296
0.35	74	0.948521
0.755	11	0.923391
0.2	124	0.999999
1.135	90	0.611226
0.27	36	0.996698
0.2	24	0.997009
0.22	71	0.996036
0.72	85	0.171995
0.13	20	0.999999
0.395	454	0.877415
0.33	161	0.997559
0.345	14	0.999549
0.81	150	0.795028
0.12	12	1.00001
0.535	102	0.990015
0.14	42	1
0.335	26	1.4796
0.24	17	1
0.17	37	0.999528
0.57	36	1.04139
0.11	121	0.999998
0.14	123	1.00331
0.225	5	0.986092
0.375	19	0.997978
0.2	11	1
0.43	72	0.998098
0.11	51	1
0.37	14	0.653683
0.18	33	0.991616
0.155	151	1.00069
0.335	69	0.999999
0.75	55	0.991928
0.64	69	0.999873
0.235	22	0.999992
0.465	22	0.999897
0.32	10	0.999682
0.245	160	1
0.3	56	1.00432
0.17	18	0.996694
0.285	64	0.999997
0.375	24	0.99994
0.755	10	0.99673
0.315	12	0.993056
0.395	42	1.0023
0.16	6	0.994867
0.285	28	0.962831
0.225	17	1.00017
0.615	26	1.24009
0.29	22	0.992199
0.28	120	0.988967
0.4	43	0.999558
0.255	5	0.915877
0.29	49	0.999916
0.515	25	0.997773
0.23	82	0.996059
0.635	66	2.87418
0.24	54	0.99919
0.85	127	1.00248
0.595	15	0.883486
0.245	262	0.999742
0.19	23	0.999925
0.665	60	1.27233
0.46	82	0.913558
0.185	35	1.00132
0.145	142	0.999642
0.615	11	1.9419
0.265	13	0.991319
0.24	21	0.999328
0.605	78	1.00051
0.205	24	0.965557
0.235	18	1.11172
0.805	16	0.995207
0.165	8	0.719047
0.445	34	1.06849
0.8	69	0.44724
0.21	132	0.999916
0.215	19	1.0006
1.095	89	0.999997
0.385	5	0.673678
0.525	24	0.999974
0.42	130	1.2633
1.225	37	0.998612
0.26	33	0.999995
0.41	17	0.999902
0.255	194	1
0.33	138	0.959553
0.17	112	0.996486
0.24	124	0.999908
0.1	20	0.999999
0.445	26	0.998641
0.2	7	0.999547
0.235	46	0.996261
0.58	70	0.98941
0.52	94	0.948866
0.245	35	0.995067
0.21	1	0.984627
0.54	159	0.989713
0.115	37	1
0.18	196	0.999761
0.39	19	0.940002
0.6	64	1.25156
0.245	171	0.99999
0.495	52	0.965008
0.32	30	0.999946
0.15	46	0.999862
0.32	5	0.999594
0.64	116	0.990345
0.53	1	0.992337
0.195	64	0.975168
0.22	59	0.999775
0.315	5	1.25163
0.225	48	1
0.38	134	1.08414
0.365	40	1.41232
0.215	25	1.00576
0.255	239	1.00003
0.555	35	0.99968
0.625	63	0.979241
0.33	28	1.00049
0.175	5	0.999995
0.26	1	1
0.455	93	0.999851
0.765	65	1.55419
1.405	12	0.883147
0.65	76	0.995542
0.42	114	0.999823
0.26	59	1.00091
0.745	153	1.00398
0.67	24	0.990857
0.6	36	1.29528
0.505	178	1.17144
0.23	63	0.999996
0.325	81	0.997162
0.23	92	1.0001
0.17	248	0.999993
0.195	72	0.999879
0.15	17	0.999966
0.22	36	0.999358
0.475	83	0.999997
0.5	82	0.998068
0.46	172	1.03684
0.395	2	1.01641
0.94	99	1.04791
0.59	113	1.26975
0.125	14	0.999992
0.465	245	0.990383
0.105	18	0.999999
0.145	3	0.999995
0.455	101	0.998578
0.17	5	0.999302
0.23	72	0.989635
0.25	4	0.999982
0.525	51	0.59986
0.715	131	0.493433
0.3	16	0.999885
0.19	24	0.999806
0.065	94	1
0.225	118	1.02548
0.53	138	1.00006
0.41	25	1.41486
0.54	20	0.951924
0.405	162	0.9971
0.35	297	1.00059
0.505	29	1.00049
0.205	18	0.99998
0.74	38	0.911257
0.325	72	0.882177
0.525	70	0.997756
0.36	36	0.994045
0.665	239	0.999993
0.275	273	0.999843
0.22	116	1.00099
0.555	27	1.17168
0.33	23	0.998749
0.225	24	0.997077
0.155	51	0.999995
0.165	6	1
0.335	94	1.00549
0.515	119	0.99787
0.185	292	1.00025
0.61	132	0.619782
0.38	141	0.76875
0.4	9	1.46669
0.275	13	0.930429
0.155	43	1
0.405	22	1.01001
0.41	39	0.631183
0.205	140	0.993803
0.655	36	0.909855
0.355	160	1.01349
0.33	149	1.15796
0.245	78	0.999768
0.195	14	1.00078
0.215	16	1.00446
0.505	65	0.943628
0.735	74	0.945961
0.49	10	0.920378
0.305	14	0.95328
0.225	55	0.997886
0.485	14	0.99467
0.22	85	0.999997
0.365	81	0.999401
0.245	21	0.947525
0.215	26	0.996308
0.245	101	0.982373
0.16	46	1
0.365	94	0.997976
0.395	31	0.465402
0.19	90	0.999992
0.325	10	0.997039
0.17	48	0.995999
0.71	50	1.11778
0.26	46	0.986553
0.31	79	1.00363
0.53	12	1.01021
0.275	137	0.915902
0.73	10	1.00546
0.55	16	1.01126
0.61	13	0.999902
0.41	29	0.988631
0.995	139	0.999931
0.25	8	0.999973
0.13	4	0.999398
0.145	34	0.999996
0.26	6	1
0.69	26	1
0.58	36	1.0342
0.295	14	0.997155
0.315	10	1.00632
0.7	13	1.0218
0.16	85	0.999957
0.29	58	0.8104
0.17	18	1.00096
0.33	10	0.999986
0.155	217	0.99972
0.585	30	0.293242
0.19	10	1.00115
0.77	22	1.00251
0.28	10	0.998228
0.605	34	0.880712
0.28	74	0.99975
0.185	80	0.999877
0.39	9	0.998886
0.24	40	0.989715
0.48	43	1.33496
0.39	106	0.999618
0.34	33	1.13072
0.25	8	0.999989
0.91	46	0.999829
0.33	13	0.930461
0.24	34	0.999704
0.225	54	0.999966
0.24	6	0.999853
0.39	104	1.00302
0.605	217	0.992556
0.195	18	0.99975
0.19	174	0.998494
0.16	43	0.999997
0.99	16	0.240116
0.31	12	0.998769
0.2	85	1.00788
0.285	72	0.990431
0.23	50	0.999976
0.225	69	0.999379
0.71	99	1.33517
0.44	91	1.29603
0.325	20	0.987976
0.205	24	0.993605
0.3	48	1.00004
0.28	128	0.604506
0.265	47	1.04111
0.34	41	0.687175
0.36	8	1.01258
0.93	16	1.00065
0.22	220	1.00008
0.495	18	1.00084
0.695	103	1.00011
0.33	196	0.971196
0.485	21	0.94169
0.41	107	0.997246
0.69	27	1.01035
0.365	66	0.764118
0.34	132	0.999686
0.415	122	0.362456
0.405	67	1.00902
0.405	6	0.990896
0.305	142	0.639574
0.19	239	0.999861
0.23	30	1.03787
0.195	150	0.999938
0.295	26	1.00368
0.46	128	1.23352
0.305	142	0.457879
0.415	41	0.986391
0.39	14	0.611571
0.09	79	1
0.36	463	0.999257
0.52	43	0.983494
0.685	28	0.994331
0.34	214	1.19157
1.38	76	1.00429
0.515	27	1.01933
0.455	42	0.961624
0.22	15	0.999994
0.54	30	0.966639
0.465	97	0.929416
1.125	7	0.999494
0.43	143	0.997913
0.1	58	1
0.3	14	0.998902
0.19	12	0.999867
0.68	28	0.982707
0.18	29	0.999025
1.18	44	1.00261
0.395	29	0.999943
0.24	6	0.998463
0.545	20	1.00004
0.46	23	0.996837
0.605	51	0.947823
0.675	30	0.987246
0.165	25	1
0.86	45	0.996696
0.4	186	0.981827
0.54	41	0.628063
0.535	97	0.916229
0.155	85	0.999685
0.35	74	0.999637
0.28	15	0.982652
0.6	18	0.74196
0.885	72	0.999968
0.37	21	1.18455
0.875	113	0.966883
0.41	36	1.99883
1.185	14	0.999793
0.345	28	1.436
0.36	111	0.999324
0.285	37	1.00072
0.365	26	0.95956
0.165	18	0.999244
0.295	62	0.991783
0.16	43	0.99684
0.13	181	1.00811
0.19	23	0.99994
0.28	106	0.961585
0.645	38	0.984974
0.31	14	1.10078
0.14	13	1.00028
0.29	223	0.864336
0.195	3	0.999989
0.27	21	0.99987
0.155	27	0.999996
0.255	38	1.00696
0.31	91	0.929037
0.31	1	0.999195
0.26	31	0.999739
0.375	38	0.973312
0.285	22	0.974589
0.28	179	0.995769
0.365	206	0.970445
0.705	138	1.74273
0.34	45	0.999685
0.215	106	0.999238
0.36	8	1.00545
0.88	30	1.34925
0.22	36	0.998583
0.3	2	0.678884
0.54	7	1.00309
0.36	85	1.09451
0.5	69	1.01265
0.225	28	0.98575
0.225	25	0.999982
0.745	63	0.996081
0.24	95	0.999572
0.3	21	0.999943
0.49	21	1.67612
0.25	247	1.00034
0.265	2	0.978306
0.67	88	0.805827
0.39	13	1.02423
0.13	31	0.999999
0.365	100	0.873702
0.185	26	0.999995
0.55	11	1
0.34	164	0.996598
0.12	19	1
0.455	5	0.295444
0.44	9	1.83673
0.48	31	0.912107
0.515	13	1.00116
0.45	36	0.89803
0.685	111	1.00847
1.1	15	0.999637
0.18	12	0.822953
0.29	121	0.854229
0.395	30	1.00042
0.785	85	0.828822
0.285	36	1.02139
0.46	26	0.960418
0.215	164	1.12349
0.25	39	0.923007
0.21	75	0.998834
0.245	32	1.00026
0.315	34	0.999528
0.875	109	0.680887
0.685	23	0.971224
0.135	55	0.999893
1.07	153	1.82869
0.895	117	1.36253
0.115	31	0.999999
0.275	89	1.00892
0.34	62	1.05379
0.2	32	1.0011
0.46	24	0.702063
0.445	2	1
0.49	156	0.999242
0.28	33	0.985201
0.405	28	0.996751
0.23	19	0.998859
0.155	42	0.999787
0.385	70	0.999207
0.91	104	0.964708
0.545	110	0.786916
0.555	44	1.00007
0.715	18	0.565
0.315	46	0.997748
0.33	29	0.974497
0.41	15	0.999416
0.78	72	0.797318
0.9	17	0.99995
0.34	47	0.868596
0.64	11	1.05947
0.33	112	0.999936
