0.505	75	0.868869
0.42	100	1.0088
0.47	88	0.957991
0.18	140	0.998796
0.365	105	0.999002
0.265	53	0.99999
0.215	69	1.00263
0.34	23	0.999965
0.545	9	0.811271
0.295	35	0.999885
0.2	40	0.999993
0.16	14	1
0.16	100	0.999996
0.475	104	0.994921
0.28	16	1.00032
0.235	5	1.00037
0.45	44	1.10935
0.09	85	1
0.34	8	0.729115
0.185	88	0.998812
0.74	135	1.2365
0.17	17	0.999937
0.25	92	0.997579
0.295	7	0.999783
0.785	47	1.41106
0.38	1	1.06011
0.315	67	1.00015
0.99	12	0.883605
0.19	125	1
0.4	15	1.016
0.18	54	0.999997
0.395	49	0.999716
0.315	98	0.997739
0.47	160	0.460916
1.59	27	0.706602
0.24	8	0.999868
0.28	72	0.999067
0.245	6	1.00113
0.215	32	0.992779
0.31	47	1.21351
0.28	14	1
0.405	41	0.982216
0.64	18	0.704295
0.24	11	0.999233
0.425	53	0.99944
0.675	205	0.999976
0.165	70	1
0.3	77	0.999257
0.68	105	0.998496
0.285	18	1.00002
0.3	54	1.00618
0.96	73	0.840679
0.405	6	1.01744
0.525	338	0.999786
0.155	82	0.650569
0.3	18	0.582192
0.305	157	1.26525
0.305	13	0.856256
0.1	2	0.999994
0.365	6	1.0004
0.58	20	0.464105
0.23	49	0.995358
0.315	173	1.20835
0.355	297	0.999805
0.215	95	1.01451
0.385	33	0.999545
0.185	44	0.997317
0.185	8	1.00047
0.175	104	1.00084
0.205	79	0.995729
0.62	35	1.00106
0.41	1	0.999818
0.255	76	1.00608
0.37	40	0.945305
0.155	25	1
0.46	109	0.99793
0.33	319	0.813817
0.185	149	0.999984
0.29	23	0.999848
0.165	96	1.00039
0.13	52	0.999994
0.185	20	0.999991
0.09	40	1
0.26	70	0.996437
0.435	49	0.665672
0.42	35	0.999488
0.49	35	0.941322
0.28	106	1
0.16	35	0.999995
0.415	79	1.25769
0.255	100	1.00002
0.415	150	1.63395
0.22	28	0.995642
0.695	88	0.999987
0.58	94	0.987527
0.43	50	1.10756
0.27	7	0.995118
0.755	35	0.999981
0.265	157	1.00872
0.56	167	0.999934
0.235	22	0.752908
0.58	34	0.9998
1.09	9	1.5915
0.725	35	1.02524
0.93	30	0.999681
0.66	44	0.830345
0.145	85	0.997984
0.315	83	1.00011
0.18	15	0.999988
0.585	4	0.671652
0.475	75	1.00494
0.32	4	1.09542
0.29	26	0.991125
0.195	26	0.999539
0.53	12	0.97457
0.325	87	1.00441
0.17	13	0.998685
0.71	47	0.999809
0.265	24	1.01888
0.515	34	0.687545
0.425	95	0.799407
0.36	225	0.8947
0.46	35	0.999872
0.32	43	0.998881
0.34	51	0.678056
0.175	30	0.999954
0.655	3	0.93332
0.455	66	0.99046
0.63	27	0.991388
0.2	200	0.999583
0.515	55	0.828025
0.35	38	0.999997
0.29	2	1.00001
0.25	8	0.998759
0.26	22	0.997488
0.375	47	0.97411
0.475	156	1.03921
0.425	72	1.00111
1.045	1	0.947783
0.94	252	0.999976
0.29	20	0.998741
1.05	38	1.00019
0.35	46	1.05678
0.29	2	0.89568
0.21	21	0.998761
0.305	97	1.15545
0.24	72	0.979487
0.26	64	0.991969
0.31	8	0.997164
0.43	153	0.488335
0.35	2	0.989416
0.23	23	0.997646
0.24	1	0.999951
0.29	10	1
0.335	29	0.999211
0.34	56	0.858076
0.21	66	1.0065
0.94	7	0.782277
0.35	205	1.00021
0.845	19	0.592217
0.355	87	0.999999
0.12	49	0.999653
0.195	41	0.99992
0.145	37	1.00069
0.47	7	0.999983
0.73	152	2.51942
0.34	3	1.02319
0.19	145	0.999985
0.34	100	0.953
0.665	120	0.999987
0.115	136	0.999933
0.455	28	0.99798
0.75	21	1.0025
0.23	56	0.998981
0.815	15	0.999888
0.37	10	1.24648
0.335	104	1.00755
0.27	113	0.994023
0.525	26	1
0.8	9	0.968488
0.255	47	1.00168
0.415	1	0.999945
0.41	70	0.979557
0.31	30	1.00103
0.65	6	0.832052
0.235	92	0.997773
0.785	96	0.987836
0.29	4	0.999407
0.475	55	1.24742
0.245	246	1.00148
0.115	17	0.999914
0.24	191	1.21207
0.22	53	0.999679
0.46	4	1.15431
0.43	89	1.01221
0.985	39	0.999994
0.22	1	0.999993
0.14	4	0.999615
0.21	46	1.48438
0.625	20	0.868647
0.51	92	1.36511
0.2	1	1.00001
0.5	269	0.999979
0.255	14	0.999935
0.575	27	0.992373
0.39	88	0.978339
0.715	3	0.945759
0.185	31	0.999948
0.64	94	1.16984
0.39	31	0.996653
0.25	64	0.936387
0.335	105	0.818557
0.305	203	0.999999
0.675	7	0.9917
0.195	61	0.999945
0.19	69	0.999825
0.36	16	0.999767
0.845	85	0.55782
0.705	26	1.00023
0.195	10	0.999854
0.63	85	0.755206
0.285	73	1.01629
0.37	66	1.0093
0.155	80	0.999916
0.3	53	0.999999
0.38	33	0.985293
0.16	22	0.999927
0.205	8	1.22209
0.525	341	0.999998
0.365	122	1.00217
0.34	126	0.985846
0.45	64	0.989184
0.215	22	0.99767
0.255	64	0.983221
0.175	29	0.999999
0.41	75	0.980441
0.39	71	0.997945
0.475	218	1.46632
0.785	206	0.999926
0.975	51	0.997772
0.25	48	1.00328
0.44	157	0.708317
0.335	105	0.983119
0.415	43	1.00023
0.21	44	0.999752
0.705	11	1.00021
0.245	44	0.999789
0.345	26	1.00769
0.91	2	0.99579
0.14	32	1.00001
0.155	4	0.999984
0.48	24	0.918031
0.27	52	0.99946
0.325	67	1
0.93	22	0.994677
0.125	87	1
0.29	1	0.962342
0.49	155	1.21362
0.21	6	0.998738
0.125	70	0.999972
0.215	2	0.999856
0.335	50	0.996583
0.255	157	0.999998
0.825	21	1.57587
0.315	99	0.999682
0.195	90	1.00014
0.525	108	0.999988
0.16	10	0.999959
0.635	78	1.00341
0.36	44	0.998854
0.5	61	0.996076
0.26	109	0.999775
0.37	8	0.999991
0.24	18	0.993726
0.78	20	0.998212
0.15	69	1
0.72	1	0.72176
0.825	43	0.99959
0.2	49	1.01659
0.245	34	0.999961
0.29	371	0.897564
0.575	32	0.999967
0.37	3	0.99722
0.325	29	1.02301
0.205	9	1.00248
0.46	1	1.28779
0.145	53	0.999999
0.17	48	0.999673
0.305	30	1.00025
0.29	45	0.999683
0.24	77	0.577974
0.69	23	0.711847
0.195	172	1.0004
0.445	3	0.988107
0.725	36	1.00051
0.29	119	0.952464
0.23	18	0.998623
0.345	132	1.99843
0.41	59	0.991916
0.31	17	1.00243
0.52	15	0.929634
1.16	1	0.998779
0.51	7	0.535991
0.27	31	1.25955
0.56	47	1.0335
0.135	160	0.999348
0.2	7	0.992933
0.335	101	0.989806
0.25	22	0.999201
0.335	30	1.00116
0.22	24	0.998653
0.465	24	0.999889
0.49	29	1.04993
0.19	9	0.999955
0.37	4	0.908198
0.125	161	0.999951
0.25	85	0.998709
0.415	49	1.21973
0.26	23	1.10654
0.96	98	1.01251
0.5	56	0.539367
0.26	91	0.947375
0.255	55	1
0.34	4	0.938238
0.305	90	0.88427
0.15	30	1.00006
0.34	42	1.00269
0.435	67	0.994329
0.125	49	1
0.65	113	1
0.285	144	0.997096
0.265	15	0.976363
0.39	88	0.999947
0.445	22	0.579832
0.71	16	1.00091
0.095	46	0.999999
0.405	37	0.964022
0.345	11	0.999857
0.305	6	0.995941
0.115	47	1
0.33	65	1.03262
0.115	69	0.999999
0.54	104	0.433674
0.22	77	1.0012
0.26	32	1.00002
0.285	12	0.999914
0.91	5	0.838418
0.335	22	2.07385
0.285	38	0.998623
0.35	91	1.13948
0.18	49	0.999893
0.68	34	0.97448
0.275	194	1.21287
0.135	47	0.999997
0.21	2	0.999548
0.29	83	0.999993
0.5	13	0.741145
0.21	27	1.00205
0.165	18	0.999889
0.265	39	0.999683
0.615	21	1.44625
0.45	85	1.18418
0.31	92	0.999997
0.2	210	1
0.155	48	0.998161
0.145	35	0.999973
0.225	87	0.996784
0.67	63	1.00512
0.355	16	0.997656
0.11	43	0.999999
0.205	99	0.996735
0.165	138	0.999728
0.635	1	0.571818
0.13	46	1
0.305	9	0.671877
0.37	38	0.985973
0.425	8	0.99788
0.43	11	0.5802
0.125	8	0.999995
1.155	10	1.0122
0.425	87	0.998299
0.225	126	0.999928
0.21	4	0.999494
0.31	60	0.789113
0.55	26	1.20378
0.98	57	0.546231
0.31	290	1.28918
0.585	309	0.579461
0.485	13	0.98767
0.39	6	0.999997
0.54	6	1.00086
0.095	130	1
0.31	59	0.526625
1.355	28	1.00098
0.745	81	0.982654
0.285	70	0.999976
0.175	11	0.998138
0.26	84	1.00024
0.24	86	0.977877
0.24	10	0.997552
0.145	77	1
0.435	14	1.02265
0.155	21	0.999685
0.32	7	0.999726
1.035	176	0.964085
0.5	13	0.88781
0.335	79	0.989387
0.53	63	0.778256
0.175	6	0.998996
0.235	83	0.997495
1.185	191	1.24694
0.24	107	0.943766
0.175	105	0.999998
0.57	48	1.0033
0.335	74	0.998106
0.335	35	0.999998
0.195	92	0.517699
0.23	76	0.999968
0.77	117	0.313036
0.215	12	0.998017
0.175	13	1.00043
0.545	153	0.985624
0.2	153	0.998416
0.255	36	0.962858
0.305	27	1.01346
0.635	16	0.999572
0.415	35	1.16266
0.285	86	1.00531
0.28	28	1.05864
0.595	189	1.01025
0.35	94	0.999014
0.37	17	0.974694
0.41	35	1.00126
1.3	3	0.999176
0.14	230	0.999999
0.29	249	0.998456
0.7	80	1.20992
0.36	115	0.999973
0.33	2	0.857157
0.77	28	1.00997
0.295	9	1.23989
0.155	3	0.999922
0.435	108	1.21094
0.135	46	0.999997
0.145	2	0.999997
0.635	3	0.716953
0.32	267	0.999978
0.185	85	1.00067
0.285	6	0.98847
0.46	84	0.999997
0.7	5	1.45077
0.64	88	0.997059
0.29	7	0.988541
0.515	17	0.99999
0.31	84	1.0637
0.935	8	0.992261
0.24	10	0.997429
0.425	17	0.99983
0.455	10	1.00168
0.44	28	0.604201
0.175	108	0.999998
0.36	111	0.999586
0.195	153	0.999236
0.33	22	0.751599
0.415	161	0.988128
0.22	16	0.998582
0.77	26	1.00725
0.245	9	1.00273
0.3	67	0.729739
0.54	172	0.802855
1.045	35	0.999625
0.15	63	0.999537
0.21	215	1.00245
0.27	4	0.999041
0.615	138	1.19455
0.37	30	0.991134
0.22	53	0.999906
0.48	8	1.40642
0.395	84	0.999379
0.18	94	1
0.58	86	0.456596
0.415	90	1.00554
0.135	86	0.999998
0.375	10	1.02738
0.695	8	1.00075
0.31	20	0.673948
1.31	59	1.58123
0.255	9	1.00405
0.38	147	1.00747
0.41	22	1.00139
0.41	163	1.17034
0.295	16	0.999734
0.56	23	1.03907
0.515	135	0.998955
0.25	24	1.00331
0.305	55	0.999905
0.68	38	0.955692
0.44	291	0.999887
0.68	107	1.00444
0.265	156	1.06081
0.385	120	0.794897
0.305	15	1.0132
0.15	51	0.999969
0.295	133	1.00242
0.41	104	0.996709
0.67	2	0.67847
0.345	318	0.98075
0.405	37	0.673936
0.22	93	1.00742
0.315	85	1.00503
0.355	11	0.993336
0.32	100	0.997251
0.27	4	0.940915
0.14	8	0.999972
0.79	78	1.25335
0.725	8	0.75101
0.435	35	0.994096
0.47	68	1.04783
0.54	136	0.986632
0.15	12	1.00263
0.235	5	0.995623
0.72	89	1.00003
0.37	27	0.99952
0.87	66	0.999879
0.685	13	1.07478
0.295	22	0.833594
0.325	9	1.00812
1.32	58	0.999951
0.3	170	0.989051
0.16	6	1.00072
0.485	21	0.464376
0.54	46	0.950614
0.63	29	0.919182
0.19	21	0.992226
0.485	13	0.999982
0.12	9	1
0.48	100	0.999996
0.625	26	0.998519
0.53	82	0.998023
0.35	41	0.999897
0.265	39	0.999093
0.87	15	0.783647
0.23	56	1
0.34	24	1.94674
1.445	2	0.998567
0.335	65	0.999876
0.72	34	0.865215
0.19	42	0.990165
0.26	24	1.00023
0.99	104	0.98926
0.31	64	0.999926
0.115	4	0.999985
0.95	130	0.976942
0.62	146	0.541433
0.42	33	0.906199
0.38	144	0.992422
1.03	159	0.951163
0.19	70	0.999313
0.28	96	0.999555
0.375	26	0.999197
0.26	41	0.999698
0.15	21	0.999964
0.32	69	0.771636
0.55	64	0.994872
0.385	52	0.99932
0.25	50	0.999997
0.56	166	0.99991
0.155	6	0.990401
0.465	6	1.02985
0.98	49	1.16358
0.8	52	1.15595
0.315	27	1.00022
0.2	111	0.999621
1.08	96	1
0.285	17	0.999972
0.605	36	0.947788
0.255	85	0.990298
0.25	102	1.0073
0.205	44	0.993389
0.385	31	1.01113
0.305	23	0.988325
0.205	11	1
0.75	100	1.67164
0.54	318	1.54546
0.425	45	0.975387
0.24	8	1.00265
0.645	220	0.999953
0.375	10	0.999996
0.99	132	1.01911
0.3	22	0.977106
0.245	142	0.988881
1.045	59	0.995448
0.2	23	0.989798
0.595	111	0.999982
0.325	101	0.999297
0.24	87	0.999996
0.355	209	0.999908
0.255	18	0.999162
0.45	158	0.541865
0.2	13	1.00305
0.265	6	0.998988
0.37	15	0.997625
0.35	21	0.999938
0.51	98	0.999275
0.19	16	0.993475
0.28	28	1.01277
0.745	27	0.716915
0.235	118	0.992647
0.19	13	0.999998
0.49	5	0.983262
0.23	3	0.707565
0.54	25	0.999377
0.21	12	0.994481
0.165	26	0.999975
0.22	4	0.999752
0.325	99	0.999207
0.725	28	0.854479
0.645	3	0.634444
0.265	52	2.02713
0.37	5	0.999572
0.205	102	1.00065
0.635	28	0.999815
0.805	164	0.988668
0.37	37	0.991952
0.26	55	0.999806
0.41	20	0.998475
0.355	74	0.846056
0.57	5	0.99868
0.17	25	0.999563
0.12	13	0.998732
0.15	180	0.999998
0.19	1	0.98411
0.515	60	1.00015
0.365	53	0.999081
0.295	14	1.00013
0.17	6	0.999999
0.38	54	0.684791
0.815	178	1.00194
0.12	15	0.999733
0.61	64	0.997965
0.185	25	0.999999
0.175	174	0.99975
0.255	158	0.99837
0.21	46	0.914622
0.42	27	0.992515
0.4	9	1.00455
0.335	3	0.99873
0.49	41	0.953592
0.335	5	0.999994
0.24	66	0.994413
0.21	116	0.999874
0.245	14	0.99134
0.14	15	0.999401
0.125	79	0.999244
0.305	17	1.02926
0.45	42	0.996261
0.205	32	1.001
0.35	91	0.99501
0.21	165	1.00162
0.59	119	0.665185
0.35	39	0.607303
0.485	45	0.991259
0.24	45	0.998501
0.5	39	1.0092
0.255	23	0.999311
0.22	42	1.03848
0.165	35	1
0.315	200	0.999271
0.51	87	0.997902
0.225	5	0.999678
0.67	7	0.685749
0.225	49	0.960468
0.445	121	0.998197
0.24	1	0.999749
0.32	2	0.998727
0.39	68	1.00006
0.605	41	1.01271
0.355	110	0.998776
0.505	7	1.18894
0.365	163	0.986039
0.4	45	1.29786
0.28	7	0.960418
0.23	93	1.05466
0.255	61	1.00482
0.41	63	1.00003
0.48	56	0.996433
0.27	23	0.748316
0.24	12	0.99795
0.66	7	1.00551
0.505	78	0.985543
0.345	13	0.550809
0.14	29	0.999999
0.175	114	0.997042
0.235	13	0.997941
0.39	54	1.53495
0.27	102	0.994335
0.26	40	0.999698
0.25	3	0.997381
1.07	12	1.39572
0.435	42	0.981151
0.135	100	0.999985
0.655	62	1.15418
0.35	33	0.99912
0.215	70	0.998908
0.32	112	0.999886
0.19	27	0.987615
0.205	4	0.988541
0.27	49	1.00003
0.515	54	1.07504
0.47	179	0.167439
0.165	24	0.999478
0.175	146	0.998876
0.39	110	0.999937
0.28	19	1.02055
0.17	6	0.999616
0.56	268	0.996941
0.47	237	0.991599
0.6	10	0.552485
0.385	80	1.07365
0.22	46	0.998947
0.285	91	0.994448
0.15	239	0.99991
0.37	103	0.999999
0.27	73	0.999228
0.195	45	1.00063
0.325	86	1
0.69	88	1.23523
0.5	7	1.89044
0.15	118	1.00052
0.1	35	1
0.43	91	0.2622
0.29	6	0.999251
0.475	9	0.999999
2.12	13	0.991922
0.315	24	0.99531
0.575	40	0.999496
0.445	143	0.997436
0.925	24	1.05028
0.25	154	0.992846
0.29	15	1.25514
0.25	78	0.999988
0.58	184	1.05461
0.365	3	0.999904
0.69	78	1.39828
0.255	17	1.00776
0.275	257	1.07144
0.345	10	0.985554
1.345	282	0.998117
0.275	32	1.00379
0.155	151	1.00329
0.255	75	0.992889
0.22	14	0.999829
0.25	3	1.59195
0.19	25	1
0.375	30	0.550012
0.53	14	1
0.39	132	1.00643
0.91	1	1.1926
0.515	82	1.18243
0.315	12	1.00074
0.215	5	0.983546
0.25	24	1.00007
0.835	23	1.48903
0.375	162	1.00197
0.165	29	0.996355
0.405	120	1
0.28	208	0.939397
0.29	15	0.998117
0.835	39	1.02242
0.28	24	0.999999
0.43	40	0.976258
0.295	63	0.999949
0.64	17	0.78606
0.555	26	0.725705
0.35	71	1.00007
0.47	36	0.997151
1.14	131	1.25546
0.305	36	0.9845
0.135	4	0.999989
0.155	7	1.00021
0.37	72	1.00002
0.195	18	0.943608
0.33	206	1.70769
0.2	36	0.999462
0.4	17	0.376719
0.14	52	0.999696
0.135	2	1
0.475	41	0.989153
0.475	29	0.864709
0.28	86	0.998167
0.29	160	0.996404
0.42	37	1.02606
0.27	2	0.999924
0.115	100	0.999999
0.63	89	1.44494
0.345	54	0.999775
0.525	33	1.00911
0.32	48	1.17077
0.245	18	0.999898
0.63	27	1.08043
0.525	25	0.997624
0.53	143	0.40037
0.235	146	0.996413
0.24	19	0.998324
0.24	70	0.997869
0.3	188	0.999983
0.21	50	1.00006
0.535	47	1.67856
0.205	55	0.99909
0.275	15	0.980606
0.585	52	1.04009
0.295	181	0.998871
0.265	284	0.997713
0.56	32	0.750387
0.155	7	0.999955
0.2	77	0.999967
0.17	54	0.999641
0.3	29	0.942841
0.87	2	0.999949
0.19	33	0.997044
0.56	55	1.86407
0.68	1	0.999944
0.38	132	0.573134
0.615	131	0.661627
0.31	39	0.985596
0.355	98	0.769063
0.15	35	0.999999
0.215	42	0.999575
0.16	26	1.00679
0.37	13	1.00821
0.275	1	1.00175
0.575	4	1.25841
0.915	2	0.420703
0.79	30	0.972229
0.19	42	1
0.21	14	0.999987
0.315	5	1.00061
0.545	18	1.00385
0.275	173	1.01368
0.375	9	1.00004
0.43	37	1.00029
0.44	33	0.998889
0.29	48	1.00002
0.2	49	0.998335
0.245	21	0.995829
0.295	51	0.997659
0.455	94	0.428141
0.205	38	0.999853
0.715	78	0.932306
0.19	50	1.01997
0.13	9	0.999996
0.3	48	0.995879
0.285	6	0.999989
0.25	43	0.972079
0.555	75	0.861715
0.235	38	0.996942
0.18	63	0.999996
1.035	125	0.958416
0.515	155	0.543061
0.3	1	0.445181
0.34	148	0.990399
0.24	2	0.965114
0.695	13	1.00007
0.705	112	0.995261
0.27	128	0.999029
0.225	28	0.998053
0.44	30	0.999975
0.24	109	0.987277
0.38	133	0.999999
0.165	22	0.999951
0.29	133	0.987038
0.55	8	0.854597
0.3	43	0.97698
0.76	87	2.24504
0.27	12	0.48249
0.61	7	0.999795
0.225	6	1.52223
0.385	70	0.979251
0.285	77	0.964464
0.185	50	0.999953
0.42	20	0.770272
0.255	33	0.979772
0.315	6	0.751937
0.28	38	0.999992
0.18	267	0.998716
0.48	25	1.00149
0.44	96	0.999924
0.305	17	0.815717
0.25	11	0.999869
0.275	24	0.824647
0.235	16	0.988403
0.56	87	0.992859
0.29	13	0.999999
0.3	81	0.999025
0.69	4	1.001
0.16	92	0.997722
0.945	36	0.982374
0.36	77	0.974641
0.32	62	1.00002
0.32	67	0.99964
0.205	33	0.999815
0.295	29	1.09476
0.16	8	0.999999
0.235	36	1.00203
0.475	25	0.995633
0.205	51	0.998897
0.185	13	0.999289
0.3	141	1.06351
0.235	186	1.13102
0.37	229	0.993089
0.225	95	0.99934
0.535	95	0.98505
0.44	6	0.99993
0.505	2	0.996575
0.275	30	0.998482
0.425	6	0.512564
0.155	10	0.999984
1.4	87	0.99968
0.265	99	0.998365
0.18	88	0.999869
1.08	43	0.962597
0.255	29	0.993235
0.27	76	0.999601
0.155	6	0.999876
0.365	8	0.999999
0.23	113	0.999989
0.54	113	0.63786
0.17	51	0.999764
0.305	104	0.999846
0.525	184	1.00021
0.185	4	0.984104
0.605	11	0.78382
0.485	20	0.913031
0.215	276	1.00044
0.25	76	0.998092
1.07	29	1.06132
0.695	12	0.303768
0.67	3	1.00009
0.855	138	1.14634
0.22	20	0.995877
0.665	20	0.995866
0.215	37	1.00036
0.16	17	0.999719
0.555	88	0.19537
1.48	56	0.979234
0.15	41	0.999986
0.355	151	0.989982
0.415	18	1.009
0.5	44	1.00939
0.305	20	1.00286
0.33	51	0.473747
0.15	64	0.999998
1.165	46	1.00001
0.165	55	0.999815
0.37	87	0.9854
0.155	37	0.998755
0.525	141	1.01394
0.325	31	0.998665
0.17	35	0.999885
0.41	76	0.998598
0.205	42	0.999989
0.45	187	1.05314
0.265	104	0.999862
0.255	136	0.485115
0.33	97	0.736377
0.365	90	0.911934
0.33	36	0.987748
0.675	3	1
0.47	56	0.431012
0.555	11	0.896882
0.78	11	0.947597
0.23	56	0.997966
0.205	20	0.999973
0.56	3	2.10486
0.41	26	1.00226
0.455	56	0.980152
0.54	55	0.999292
0.26	58	0.970951
0.18	77	0.99994
0.365	153	0.890368
0.12	25	0.999991
0.32	10	0.988783
0.515	24	1.24432
0.315	74	1.00007
0.5	1	0.982235
0.265	26	0.999901
0.21	44	1
0.735	44	0.214683
0.3	95	0.999984
0.295	11	0.998804
0.225	54	1.00101
0.535	159	0.999832
0.36	64	0.99342
0.27	94	0.962817
0.17	59	0.998667
0.41	25	1
0.27	38	1.00037
0.265	14	1.04085
0.35	34	1.00385
0.28	38	0.995816
0.24	1	0.999154
0.29	15	0.999273
0.495	94	1.00752
0.79	73	0.817666
0.24	36	0.999441
0.45	117	0.99999
0.765	57	0.550985
0.545	13	1.91117
0.445	5	1.00062
0.24	85	0.998265
0.15	33	0.999941
0.43	131	1.00058
0.905	20	1.34426
0.25	3	1.01058
0.24	32	0.998564
0.16	32	0.999661
0.39	58	0.999964
0.305	9	0.999779
0.305	35	0.999691
0.615	108	0.999538
0.25	28	0.984844
0.29	49	0.653638
0.19	129	0.999532
0.385	94	1.35762
0.475	106	1.0174
0.23	81	0.999895
0.44	23	0.997675
0.72	95	0.385009
0.215	9	0.999309
1.105	75	0.827851
0.29	33	0.999655
0.295	62	1
0.57	80	0.970627
0.31	135	1.01636
0.23	47	0.984193
0.215	102	0.999638
0.32	171	1.00979
0.45	60	0.999624
0.48	135	1.00001
0.205	20	1.00209
0.55	305	1.04443
0.475	64	0.99994
0.38	3	1.00033
0.32	41	0.994362
0.445	213	1.0862
0.26	43	0.993991
0.195	27	0.998214
0.19	10	1.02331
0.19	89	0.999808
0.215	124	0.999911
0.22	130	0.800585
0.305	32	0.999373
0.175	28	1.0028
0.25	138	0.969772
0.33	62	0.993622
0.38	49	0.636588
0.21	129	0.997762
0.27	46	1.25176
0.455	54	1.21719
0.19	25	0.993881
0.4	6	1.00074
0.43	144	0.764454
0.11	2	0.999998
0.46	32	0.971308
0.37	208	0.999888
0.235	14	0.999721
0.21	21	0.999791
0.685	64	1.00163
0.16	68	0.999988
0.975	55	1.82148
0.42	59	1.00012
0.56	69	1.00362
0.15	51	0.998738
0.37	170	1.00223
0.24	57	0.986895
0.315	3	1.01006
0.445	107	1.01984
0.205	137	1.00111
0.425	4	1
0.19	35	0.999979
0.195	230	0.999927
0.175	12	0.999794
0.495	55	0.912299
0.195	114	0.999999
0.305	165	0.999518
0.39	41	0.999992
0.555	33	0.999969
0.255	49	0.665042
0.315	65	0.732225
0.21	12	0.997988
0.3	20	0.994312
0.25	37	0.998541
0.13	145	0.999996
0.28	53	0.998951
0.3	149	1.00966
0.145	96	1.00029
0.62	167	0.999975
0.495	325	0.99997
0.37	47	0.68186
0.18	66	0.999999
0.41	27	0.978633
0.4	63	0.997648
0.6	76	0.640568
0.305	33	1.03766
1.28	194	0.787445
0.14	305	0.999996
0.11	44	0.999997
0.305	54	0.999999
0.25	44	0.986939
0.21	23	0.993145
0.29	53	0.976167
0.39	36	1.00876
0.565	107	0.599487
0.235	16	0.989997
0.145	1	0.999999
0.17	42	0.997106
0.54	58	0.999999
0.21	14	1.007
0.8	2	0.995037
0.28	81	0.999118
0.255	212	0.997679
0.42	126	1
0.7	14	1.02943
0.24	39	1.00042
0.255	4	0.998518
0.16	54	0.997861
0.265	110	0.962844
0.12	35	0.999949
0.34	15	1.00008
0.19	27	0.998507
0.525	66	0.934665
0.175	1	0.999906
0.245	15	1.0015
0.595	1	0.860852
0.505	14	1.00149
0.435	10	1.00097
0.825	39	0.996498
0.615	101	0.999359
0.23	92	1.02167
1.19	43	1.00047
0.275	24	0.997803
0.335	26	0.972167
0.455	157	1.00137
0.635	29	1.00263
0.245	50	0.991805
0.645	19	0.999694
0.595	37	0.997133
0.265	68	0.706554
0.335	30	0.999994
0.73	20	1.00131
0.54	3	0.36275
0.16	9	0.999944
0.27	119	0.999849
0.205	28	1
0.455	6	0.987876
0.195	106	0.999985
0.42	1	1.05468
0.36	12	0.999478
0.455	99	1.00005
0.43	38	0.991033
0.16	43	0.999964
0.15	60	0.999839
0.825	28	0.994156
0.195	17	0.99998
0.72	77	0.897939
0.315	127	1.00016
0.38	44	1.19698
0.2	51	0.975924
0.385	26	1.27417
0.175	70	0.999936
0.18	10	1
0.37	19	0.989613
0.18	156	0.999249
0.69	56	0.995783
0.48	59	1.00166
0.445	83	0.920116
0.405	60	0.720715
0.245	5	1.00006
0.4	22	0.988054
0.585	21	0.999997
0.88	32	0.98884
0.195	9	0.99912
0.405	63	0.999983
0.205	53	0.999662
0.345	20	0.682935
0.405	119	1.10571
0.23	6	1.0027
0.075	46	1
0.315	105	1.03573
1.67	51	0.998174
0.415	48	1.02554
0.77	45	0.999289
0.495	14	0.72076
0.955	51	1.24223
0.29	133	0.999573
0.945	6	1.0317
0.535	9	0.760853
0.505	8	1.01483
0.22	6	0.999776
0.405	6	1.00894
0.245	59	0.995771
0.48	15	0.984828
0.185	16	0.999423
0.23	25	0.99975
0.225	16	0.999765
0.29	72	0.998524
0.225	32	0.964124
0.5	35	1.00669
0.285	6	0.986566
0.32	17	1
0.395	78	1.05455
0.63	77	0.999903
0.665	52	1.07862
0.4	84	0.997055
0.23	36	1.00162
1.035	152	0.725496
0.23	18	0.999956
0.425	3	0.719434
1.34	22	1.09618
0.91	29	0.998943
0.555	9	1.04176
0.56	16	0.11325
0.25	56	1.0002
0.26	33	0.999955
0.315	36	0.976388
0.23	173	0.998145
0.38	27	0.880329
0.37	19	0.989027
0.455	29	0.939661
0.51	13	0.991356
0.34	29	1.51221
0.185	71	0.998173
0.695	117	0.39237
0.99	6	0.402252
0.365	23	1.00334
0.295	56	0.983392
0.225	47	1.00166
0.185	22	0.999864
0.205	8	0.999989
0.18	68	0.999996
0.365	72	0.999996
0.31	8	0.999612
0.25	3	1.00485
0.575	34	1
0.39	48	0.709031
0.43	50	0.902164
0.245	16	0.999105
0.245	45	1.90831
0.425	41	1.11094
0.2	25	0.996422
